$ANSIBLE_VAULT;1.1;AES256
33326239656337666366383036386635383038623062616434323439303430396137643730353032
6663386563353437636139643430666465353637653266660a613937306235323236663734323630
32346236653565623866623066633235613230636632353430633066613238383937363833393162
6333373135653262630a613439363037333937326562303030376261333461373531323732373632
34626537393639343130613635613262333734343934383463616265383034343232663666383738
32316363333963353431356536343534663631363936323436376330646437636235323266313434
38623736623665323136366162363931386637636335313732633034656664386634343466666664
63636463656535336632366434613963386132313034393535313765323966666334653166363739
30626133336166613261366164613730623062646337646263663134386531383530366239626665
66386361373433303431383531373666663435613436343763396363383234623862363235303732
31386265363466646361663961653462666338616439656334666239383636383432656665336236
31396365613330633135376537363166313438633032373830646164386337316438643837613632
66343431623939333139633837366234653663323462336166363637663134646130636332333530
64306163323734646634633764373830653766646336303238386263663230396530363333313939
30373236636232356563616464396438656666393234646564343438303063666361333934373535
63633231303032643561666131306433643636623739646536393361333733346164396436636234
65613335353931356365313165316433623634636565636662663133623231316565663831373632
31383963636634373031363433396136346332373465633363626435326138646636613232373035
64656239613232613162663435333061616237313830323438383161313130336466353431636435
32363032356534353335326337643237333531613831386337396431343032343164323232653136
65353837353166343864633730623261643638396131666436306532393533666239396139666366
31373031316163393031386233633665646233613866383962626662393033653865386338356163
32383936313062313235303863346538313562656432653266336133353137336263336661376130
39343065626336653336366364383232663464653061633838363063343863303663363334363638
66336563643638353938643735633762343134613965353265336162386632303964366633653532
62386461326264656665393964323266623233363262356534373464356234613635353737363236
63633530653566313530666633356563316637373330393339656436383366396263326335633535
30613635336664373734383964396432366561656138633934373664636661306361623262346632
38643863666264343266353363323462636561333439383763663534323761336237333961306636
37376565663731333863383437663139663261656537376135346161643530393862396137353462
65333864346361386234333537646337376430366433653765313638666535623033323032336534
62343466613230303535396337663966613563303533323532316235666130396666653537326163
38383332633632373064376536613936613634303233653366623064396537366363636236336637
30323537633561663839303963633033306537303932383661666331306237633465663962663239
39633664303662306264613266393065633262636232633961663131366666643633363639663431
38653664373563663339303564313634316332323839366264336562633038336663363834623461
32333537636234373735623833396434353937656639663764383062646137623437386233623664
35636133393332393630386135666261623134376135376132666561303731303264333937333738
62633131386236643936633937363463663533653663393030396134633433313164613161333030
30643038636333346666346430366261333337633963326464356235306463353766373662306265
38656365323936666336663236663734323234353734383739616438326563633835616539313830
64363662623433633163656631313538646334386266313237646235663537616463313632313739
61363739626266626465393164376236626232653566643566363831313434356630333161363861
35616233353864363730396266313039373566313630306432643662656264646136643633306663
32663864323263353837333936626436343038373230636436303434626538333765616663353162
64353035653062613236366131346264613361396563633962396638613131666362636535373531
36303566313965306635356430613963633266666435623535383161383934653363656637316338
32376464333236653232376333353933366636623833336266303263393635633862623366366561
63336138323133646231356338353237323836613939356136346236303761396532643833383238
37323166646437626539323835386137616231386361353933373435353035346564613230383062
65346530313463633335643564306663383035346432333232393433383465626432396530336566
34353431633535343561636437303232653331303462366363363935623261396166636636373963
61366165313931363262653832626363633564653663303664376562636364656539613965653135
39313334363761663737323431316633633738373939393032663232316237616331396234333532
66303033643861376630666265356137666233343938633538396561383638376433373562326666
38656464393032323033393239616138383063613631323136396330383331333836366431663430
63316538656337346564643433333865326465666561393664386538346461323536623761326431
37666337393361326563623963613864343062643563326239316634393061613036336234613362
36666237396264653463623238623266396438353432396463306265666562646235316236623530
37653763623365353239636233313133646635376434383638616563386365636665663238663964
61653466643161393663633137316538623933343565356433323364326562646133636435366130
30326132643664383864313565383865616164623831633762356335373832376666306331386139
39666535336562326330663130623631333931343038663662396563653233623832666661326534
38643838313661376461306234616663393232653735383164646533313739346230383966383265
64623332633635653534613163353361333438313261343839386161393035653261353434343966
62633035363839303132366661613438646437616337353764653062386235373466636135313735
34326539333562306437613635343235633365663835653164646165646331653838383835393665
65393765633939333265333362663335313565303935366661363863663637613862303936373064
33333438623065663139613362346139383238346366353230633335353639653537343135343239
62643535633139633934663239306238323861373539383262323130396265373763306265396538
31303063373035616561616539663363646465343730346133336166383563383961643834343762
33343034323238303966626662646235336136346135383761663136346565396237653133393130
39363766303034626135383439663931616564636264383335623637323665646438643862643036
32656363626631653332646338393664396634323733623164396466633133336561303435386231
37626236343633353135376639363735303964323830626465383336616237633937313134343161
36363962353166653161386137303863356430663238373962626333653530336238333737643763
32363233316436323364313861646332333562316639383865663937303039356638366133303639
33303065333530643735333137396265343431353538623332353965313534393237363765303464
35323336356333323536386335353138666433313563316364313638643733303532366338323831
30316631353737393033383132333463313237333939303132666530626263323932653566373035
31646634653733663139653234396364616565313333646437333939633038653933383038666466
32333531303961393232306665376630623332356464633438353434343630386235633239613164
61626262316332663161643162333865653632626335643461666663343462363932326436393336
30636664653831666165303663303363306338376635306463373865326233663434643137383563
37373965633530656339326532383664323766303630376531336232623339653133616333353736
62336230333631356231316330613338623035633036336165383734363237353533313463653866
34386162316339393931396433613261353163356163653237643231326664393164613639393737
34316232303033333530333062363933333833636637643534353365363436376434393239393966
39613165393839346638316537626234386437393536623138636638353337373738346635396232
32366537353266663465393865363034326630333338636432386563373435363935386265363262
39653564333334303361363137303535373966396238373939376635316539323134386162656633
64666631616630313736333130393538396466663365313931656565666662363461643030663136
31666131353532336133393766393538336333386139633638386266313837326438356234326663
39316362323266343966356465643239333663366437373731333363616133333634393335393236
33376663333963303033343438653565386365653331323464373539373335356337303630366438
64363362623761623933353634313135643835386532373162663639646435336362323739363439
62326466393831343136346462346466306435346634386231346662346539383036613336633938
30393138663064363634353463343237303130303266653264306433633831393231386665353937
65363361303931343861306361663139323038373330386563356466313534653337636332316165
62333561323031656336633363666236633630346261323435663365366366323434333936313036
36626634323532366335333931326433373036303136343738663264333930333932306338653935
37313636313335366361633765623761393261353664316566386637386237303931303330383035
36303862633137623232646635303130323439353662626430653033366162623263636266353133
38616338383130363331323266336365643062333634303235373133393865333561636135353530
31333561396436643962323232376439343761333335333433313439356464623833313330623132
37666436613962363737376462306162666563633863363830313837393538343961656335343035
37653064306131393737656430623131373433656236653065626635383262333333366631383764
32363962323832393736636464323662396430643137636535666538323530383736306237393934
63653761633538383135396435643662613365386430396562346636396363613861383337343039
38633237636566326363316362366666643262326265333837336636653932663934356666326436
33346239616630646332613931303233353261643965383764303566333238666664666330643861
62346334363263306463623566393461396139343937343934353162373264396639633462343339
61326262303033313864653765336136613435356431643339393837393332636139633833303762
38343234313939346430376634396533346562316239396165323764336536343330323863363164
65346139303466353463646234653361333466356439613633363464646431623166656436393934
61623162353964393663643564396132363032623637633732316533616661616263313165396630
37336330343133663431363530623132626133656164336338333639386466376339366435346536
61613363353331353765396636323234366162656437326563353162633262616166323139343339
61396465653333646135373938373839616136663761613262353430343234363461356364663661
35623535363064306235333964383435643366633037623063353235653636383264353131326233
63633865653037313237373237653439653632383636393739393665386661633039653431323964
33626462336363353032303036346331306633306661393963333465326431373963383530636335
36303935396464646165643864373635306335313366303864643566666136353232383162663730
37666564643639636137316136313535323366383330373964646665656534353031626334623039
35313762366634333930373466386161613433313966366561333836383563356438643565386463
38636539386165313136333737616465383066313838356339306639343430393538326539373930
62323863353263643361316562333361313365393263663461353866353631613234306538326364
31316539343663336233393036623030313631626463333334663431613963663133613031306134
65343332343334313835393565636233663530393236643533303932636462633431363030316666
64346663303932383237633339623764303661313762326430363362623662366663353839346461
34393365313730646264373364303935613564393133623930616338656632366237363765656136
35363239343030373936663364626131356235306632623832376239313537613135633263323937
64633463663662393531363661333235396638353232666436653530373231396133313332343239
38653366376532363562386166346432373732393935346335356130383731636337653962333137
33323534303535323735633237643939663332663932653366313866643630613062623534353564
37646539613035343761646534623339633738643761336462663062636139633566643361323839
34623932303031323833653064316438356637636531353233343862306232323762353065333239
65623231323530396638353662613631626662636535613436326366373835643430376132373865
36313232633038666637363738393439313166633666323738653437343261396635636439653539
39363533306635383832653766323038346233323731633066336231353664663232323838376232
64356336306665383431616537313161626163313364663064343236343161366535396631626539
35333965343661313163363934653736333838316163333037323637613631303839616539663831
61666136326233303338346132373266653364613439633130646463376636306530653830653661
34623761663534633131653839623531363435363732333262343834333363343531623131366334
36326431346361666532633061353162623835643162353963363835616463303330333963306334
38306332646430343838333666363739333365386666633839356531326532333637616234323033
66316330663538666436376566316365303066643765616664313735613764656466313237356362
63646534653565623839306237316135306432303036373234333137336637633365643030343062
38623637643639323232386665356461643739633132303637366135326261623164393764623638
36353563383062643539646638346163633465303362616661313132316162336435333435373566
38393033306438613437303461616337303634366537316564616232663731306434353031346565
30323162326466636563613832323037376335383263303963336230386266626637376364653934
36336336323466376636366232663766363031626635356130613438326432346534663031663339
39393532343135343430656163356636303662653939626131386462363661373266343935323666
33663864343762313066326639623734303739656534376662656430303736613764383866376463
32653435653737303737393338313530313963333764383231623166633235383364336639653461
65616665333635666635303638336137313330376362653938343136386461376236396334316638
38323133343230313136316564626437316339666239393436343930393766653738663135633762
35626439313935633265346662326239346131313431323265313139363737353630623832323330
36306635356131633461366431333632313131363562343161393630313430303337346233393561
61616663333337366239643234623232646464303065383437306538666532636334363737393038
35363062376335336432373736336530653663306139663339346635383364393832383936383761
34333362626538613834396662646535313430383031363938336630663962373435616163316434
33613866653930376562313264313435653863623735613834333331643635346439303634396539
64646435343266303339363666613230343462366533653637313162623338353965376337306364
3835376639376135326266633436613766646436633234643932
