$ANSIBLE_VAULT;1.1;AES256
34356338393431316266666463376261386235373235336630303432643461626537613633633834
6230366638363736373533306435346133383536353064640a636435323831383534346436386639
64336132353862366639333930353437623037313532666530323363613566633139306137373037
3232626138363038370a306135393834373365643536626264666533343230333266376161386662
63303734363431626235643632376463633438363563346262353136343632613830393266373930
32656138353639363966343862613634333238613461623764333064623238613232626165616333
33313039336662656334313339643235386438636663373564373233323634306337396330373934
38316361656264666363353636396237656463303837663939656162386530646332333936353365
34323036326531386233663534636663336539376265623763326332393064373165326566613336
65353234333766336538376639383939386562383962373530363036666130386665666163663839
39393132396432353165646432623532626662613764366262636265343161356562643063323363
39373630666137633066396237333136353933373363376461393761643463656361623065616636
34363637326163396231653631623662333138313836323639663732306236636639643438333966
34623332306161366433636465633439303239316331616566643332333039393236386235396663
65633733323834343162386330366265653433383866666362633366626365303336366135386265
61643036623031663464396639633861663436323534656430613363353236386237653438613032
37313462643166396236646430303034303239626461656466653335613838326339376161613666
30343139313331383436313737663032663064376165623433663665646566373134313431343861
65386364633433346633666363316365353461303338306465323339353933633963353762656163
39373361356433353062393439366266343132303964393538613732636463363830373163626630
34613565386237323762383262656435366266353936383938383337353030313966643463653161
61366237356439613835396135396135366632333631633236643633353131366438306335333630
33666132663635333837356138666363363030653436303735396565633837386431333765646131
35656662383330353466346563343336333937653139666165656533366433386662613938616137
30653333353563613663613461626339643361376634353035633363663730613166613262373231
66633130326163626361326266396362313962663038386136336634303432333139313134336130
37616531336566643631306262643037386435363931396133373135353562613430613334343865
61323033313564336538376263353831306431306266616635373639623064613138333933663062
66366535393734363331316633356361633232623335396234643831643632393361643364626134
38626162393535643462613666663063633437346465663266383962333337646433633030393531
66363237386431613530646139616162313537353236313733313536313436656130366437666630
32353064316138663539353938303362623839306338383538653931336265313631616366343737
36383363666333343933383838386530353930633737313263313965636563323533363665396532
39666331356162393562363631666332623638356465616234313663646136393834383765343233
38373135636431313338393963396332626166613233396338373737326533326439363433626234
62356563363163643931343734326134366238613763396162653461336163623961633131393261
32366134383565346262303537613564326137326665383966373038636139353634353233646364
37323733353533323063396438623835366662353732636563383235306463643830333539333065
64356466303632646431363033336237666138353433376166643762393965333965313130313838
39643965663261646436333035643138333162313239653535633061613633323630656162303536
31356336356362323165663966626536346538303132663337656363353063633132343235303832
64393535636433646136643161346163666237643865373161643635386166383833376266626133
39323562396234626531363032633434326166376131356138313437363137346337626164613134
65666262306266626630373436326562393866303439653062376231336566656138343438336539
36366462643330303731303738643733323132623837643337323464653566376335373765663636
39326562353666663637643431313063323139323639316337386464353161626134353937383338
62343537643937616439663162636364626564653535333233366536303130383837393035373331
63333336666566646161656135353136376631303966613833646366326563636639373139306630
3566
