$ANSIBLE_VAULT;1.1;AES256
62666439623634303865373364646364643932363961396562663739313538646439396332653933
3338373038333961346134313265306132396463636334350a393537333738383339346433303435
61636339343431333564396362363335356363333763666162323639316262653132666462343964
3339343633646264310a333633303166363462393563633537343937316661643061376339373734
63623061356361643136353833383865626236643132626334666531626238386539613261393265
39616232636333393431396436316335346438663063303239343863323735666635326432636430
36653061343834323735363137333364643762373733373865333666623732303964633438303032
65313633383530316435663765303866343739333939306436346636333733356166303964616462
36373935313734653639613234626363653431353662643238383362343735346639393866313330
64313434666265326265636562353337373265326364313862323438383266373337633731373665
31393738326537363431326638336435336633653662393231396266383939383938313132383033
33353339666461653565633961663062323439326438663438383163626332303837333263323939
65356438653464666564323238663639616162633164346631373231316531366539306434366561
36323136323031376562626164653563356262663333613137373030353761316130326631373161
66393464646337386535656566373264356265373432643765613531646238333837393262666365
35363463323239626666323062316433356162313737316165346336613338626539366231356366
63636665353661353761303738653664623731353666323831626562373337663035383766336563
35363732323662366235643065396438363535343166313731666532313033313434666334643764
39373461383862666438616139383963636132613235613766663933343335353639366264346538
66323038356331383065316137373063303933346262393262653461626663396331633839393061
37643264363235346339626362376637376566626263636634626331346466346432653835373837
66633534353661623436346161313130666433663964643637326562366162613864313765323239
30643761653833323936333866373735393331663565613161386338393438396234333932316361
36323237613130656338346434333738333562653030373938343965343332663562393433613834
38343961323163303066313233363835393739666639313065326136383730363833373564643130
62333463646631366434633233393730623130333831353033333032343533306432663162343734
61373631353938323634616464366531636636326363346238303161323535313165333633356564
39396664633064343066633763393736396239376135363266636234303362316438386436396430
37646463613166626631366364393466326138376433393530636538396431313264386532356462
36633538636462653638353263633164333861336534616638383739613832343462376237633532
63636336636463306534383035303035396561326334663764353762326530333931636335363531
33623839656232386262613663353932616265366334346165636535386435666232633635663964
61656134356164356263323231653233306661646135643338316432363362363633366336323961
64653866363138316638306133366535623461356538303465326164303166633565313236343665
66646264303131383833636330363166343538663139666634313436396230383439376538643030
36303833343134623732383339386135373363343138623734646563333663393733326537376230
30343337643563383731626630393631396339366361386135383537636161316666346537383564
30306665356438383637356561326432613238323566663066663834346430333361373030626130
61326366663730383964383339323835323935356166333633393763343730623031626365366263
32326133646464383663326330346166353163623238613430386338613337636361343635656361
66396561356132353339323533616164396138636533326239313637393865383934393466326331
37636462633930353332323466636239343737313262343337353532643737343631623134366365
33616162383465363134393738616132383432646335373465333331323939303430343263356335
39363038313430353637343962353431383364313561383165303665646465643465653666633066
65356562636661616236646161656135626433336534316661376433356261323830313164646533
38323434383938623362323837353762373066303336333161623531353761616637363431353538
63633830323536336165313135316564326236643431393738396133626535393561373239396433
64386632386263306433336234363662626263653366393733393161613265333037633532346137
39333636353563373339343861316338353331303538366438333564653863613533653731633162
32333436363136373830363161666638656236656437376336336530383861353461633337386630
64663463383836303034363433376130326563373363383039336461666364306430626461323933
31643236636261663364616661343161663336636566383262616462616538396630656163646264
35303662623464383731353330393738346334623332653431323933356535636239643862613739
31323536636139613139363230613737656437353232393239343664393330383162386136393330
64656366333464653039396230343431643134313536353830306566323262353338393139363036
33643266623330366231333332383934623537633634393938623137666565363763386430373165
64633735616335656362623830303662376161633764313237666666323030323862393538646233
39323930656437356136633731393234386531656465323666366536396337666138343333333534
35373331363638623734346338313134393131383865333132323432616462623763356535663137
63363165653238626131343637343532626532323439373836383538343663643333376634616136
31636131386665623763393937356439353932313562613535306563373138383961623535383335
36353164366234616438663432383835656337666236303363383231653632373835656631306239
34386338646334316262326431373763353635353534333163363236623936323462373663316237
66623530376435376232623530386334326330383938346162633238373566386631333734663033
65363834333036353336633934313462343634663736313630616532363737393034353735336238
36623262646532653563333765663939313933626363633630393237666561323733666263633864
63333638616234333163326638623436313765636362626335663665323962323430356565663932
66313565313934663534323932613333666135303334633861373466653462336537333538663035
31613234373934356233623461323865653964373234363764343963306633666463376537386465
62646162643332353835653433393938316162313431366438656230373934613633373631663563
66646265616334386232363062333930373233636166633832633264386164616637643634303766
37343836366662663136376463626239636166356330306139306637396561376634666361353633
36656432323430306636303761653231393032303631353766343632333138323830343634373661
66616233386232633362653866383262303666316339353832303930386539656664353661343035
38313062373039303837656636376337643831313530366465663832353034353739616536376138
30353735336236623735366161626164333131373665393134643031306433366436663263336363
64616464373766323639343230333366623139313435633534363565363838353365626133353663
61656234623339613130373662613530376266343062613639616535646565336232326235333938
62353130363234343063356339363831323638396665363439373332653861666633393139626639
37376261336166616131653337353837663137313062333737666630633464323339346533313233
32346265663031663165383465623764323035623434623361623961653935343362386264633865
35643463393339393964373435376364663732303161346366393339353232373062343932613830
35663139343161393737663931613334653662326361303235316639343737333337623337356536
62613364386239316231363132333662356364383330356361633434643663663233326665316135
61383433323533653862303366393566383238653962376234383838653137343239373936343366
35363637656230623335613733396461623133356339363933373832386366353134343731616438
34333462363030376433336265666465393436313136323434336561336564303735333562316466
34353531626237313662
