$ANSIBLE_VAULT;1.1;AES256
61383132613031633638393832343438636338626430323936373031333537346239326233396239
3062343435663766636566306637663535656363636534350a653936646534306638376531343963
63346331643031666235616235383136663765396664396638366638393437656132313666323365
6537613738353336360a343239626136303138326636343239613737323462346138666233373935
38613764313066363538366634646335653835633230666662353636346563326635306632636566
63356537363437386537346138313863646566303934363632616436613964303730373133333962
37353939383235346336363633353035336230373739613534313138326463323962393165353366
62343035666637653235326330373164663737636632343839353863623631366165363363316265
35313565326532333862653034626235356236636362306235333537613761343962383664343762
33383564303334303765666266656637356330656537363432636461653461623738333436343639
39363830356136623162623332383131346238353737343238313736363532316664666430396439
30316131653735373266323030366537373862383733646534333936393036313566346230373565
36383932343735653666643763616633346534346535623264663662616239323334333738366266
39333431363737346639653935643934333130303834353935303530643263653231613263316466
38373935663464383932316232623733373134643164626163663466383930396366333230376639
30646233613334383430633132616531643066613439666430623033623338303133663638343730
36353739373034633232613562316130303136666566343065353465356161356333313035626132
36306264633638313333643039656136386536643161666237396665646634343330663562613965
36363966353431616664666331656430626439633335356531623934333462663437333637386638
62383130353838366665613330643531366637623030343939363233346264663264616630646631
39343163623065313033366663616331306533366365633239356330373564623435376639373239
61643134653438623265376566633933333031373236353564636438373163616131633033386439
32653964343962313961633437343863333765373763656435653838386163623962373833616165
61303564396532636536383734353537346635333466363532643366303464656238656239633838
35383463643863616432616265616531343661616461376564326130326362306533323735366161
36346138373763333137356662616564393761383961393839353035316636633836623435626662
65616562323133313731613234353830616364646530346231353730366364633630616236323964
31366166346138636462633538383062663137343534633134393762623564323263626662313163
39366531393237366233383537353736646362363338656236613635303865636333623162616563
62636161363061646162333137653831653765353731623761343031303937613639333330346533
30336362326637616563613336323763336362656239346363346631356533613836353632666166
61616139383234623535646339616130383934653335666633313265633663653131653863623363
34323330386132613639323032386339383061303061666630653664623738373937633361653634
31663262626238663162346339626532623336306362396639393461623234376639643035643565
63386430646232356234623332663633353835643362646131663735336334356562316137303031
35646562363833346362376133343433396664393736323761303030626236376462336334393131
63333434333561613935323361303331626433326634313064633839326234623562346563633235
61306631613438653661396637333264626235366264363236383066366265393331363330663539
63646661613932633664313961383761313566353830366530323462643039663066633263653637
62386366313964333334633931373566366533356665333134323835633265613739323535306666
31376165303033313237313565643134316634366331316133363664623633313163343437616630
62626265623663356137656637653161366565363936303338333561626631663863366632313336
33356633326534623834393732346537623636356331653464316634636362363439643339666266
33613138373065613739326130303731393536616330376261643161376638653166306261646566
33313761653733323638353138356630623438303634643235366133326430623038653037326465
34383466653035616231323766323066356536316432613835376133616262306565366236636130
31393365633564376661653539666564623332663161376536333363666266316334633461383037
62343630653233313061363464656537663636383038306238366438316534633135623662326364
34393861663834303365616362383464306661303230383066393663313732663337303431616131
37636333356436353432613038653237383330366662623731353261643338313831353739376461
35303339623965323962356133623062343963343936383064303434363031643231316162643636
38626232333762666338633337373733353137333833343633383032346236626562353761623166
66666330333833316264653139363063366539616637306139353531636366356165316633336563
38306361643265646661356634613561396535393165666339373538353234336262343563333637
66623563613764363033346131363665663063396436353937316230306533316637356664656131
32663131326262616132653934316232646336363036366561373065643332356637636530393434
61663865653335333261346566323364383138376661663366636337376161316438383534366637
61636465366532393937376666646664653238663632646134643565316436303766346462306530
33336331316537613264393832306534393035396432353238666564633532343235383334363537
39656536366635643161663231386261356465303937613638363164353437656635613332306434
39646639386264653531656164353637613638396238363939326564326462366265396462323434
64386163333363623535356437343936376337623639313831373064363661333638343031636163
30323562363665343838306163376164386232616532333463363532313938363430626565613437
66663236333037643538643765303430376363343333383830613163643635376566373930353133
64393136663634353232663962666137373931333430373762373661636136383635633937343231
31613837356535373035386635336138643038656436353862313134383932346639633038666532
36303861363262393535396666353730363264383765323864383462663032663639316166303837
33303865326237636366626466653236373962363939613830383936313734343663306166303738
32613264306238346533396131666138636532313830646665393962636462346437353366616639
30616335333063383165326136366166346137393763316463643736396230333631353633613135
64356266326663363030343236353664343539643163353833376262363838633837323536363336
39323764643031323235653164653465313939306539386338666162353833353166653261323531
37316263643234363765393162626231356237346365326433336132366462353631313865663862
31376531313333666538626164623031393231656637373938343833383433303564336464383866
62313733343865306534613664633633653961333932643638316330326563353265373665663864
63303632653235393466316265383033613362306334316338393533363938616438346136623563
65313934633666623265323838666538643233383261623966303231386561323031363230313961
32613038616361323761623630343531366266346331336164353637623064316332386461366462
62663938373338373662656333376166363031643235393962376233666239346433656161363664
38666265653631336331313366346531366439646462616138303166383633353866636638383032
64373066313838393332313839383963393366653163316630353934363461633164383262383033
39626233343936613339363961393764323239333364373934663862353163623531643663623632
35356531303636323833643038666435623134626634346432393036366537386262613636633631
61633134306230363335623065653533316632313638613264396234323339653136666230643232
38316132636564313939393437313565373131623339633461386231653962336536343131666531
66616664613435386132663238626261666534623939383536613331313064313338343135633363
65396338643531636635306562616365663432393230356565373166646434663436353736353864
39383166623036383932656437366436616335623539323864633866306665303462346235373537
30353430336336383938616164613731646461623336663136616639306139616564633431373132
32623239653564613466363136386664316637623063353962356364666636343531326131316464
31313664326133666664636233333837636466326464636432343035393663306163356633323931
35336132613834626665653763346536663266326531356164363531333864663562646231303233
3233
