$ANSIBLE_VAULT;1.1;AES256
34393466393331313665396235636365326637663538313133373966633130386539643564646465
3539386134333665376665316563383330333166356230640a386139636238626665363661396639
66346338326539613132623363363263343163663030346465336334313161616463386333633862
3666623832643162620a666263326131313164353838623437333637356562333137656230613261
66353231656361326338333964636230313931613632613734303039663032633465663864643438
38633634633031323731303564636538633037626265356239376430356237623938383330383363
36326131616166306561643831343361623464393935386438343465613835323839353530653833
62383261343262323864363337326465636337636331363134343738613963326134653639313134
32623165663134353366633463393030643563663130336463383562663833663932336630623837
39323431646639303837303638316434613832643635613062316465633664373734323433663365
37313764626461616435656532376332303033616166613766356136616464323532633864656266
33383235363839373661363966376161313538313662333030653939613762396237376231306538
35353764313037643162663966336238646636363234343636386663376563396537613131336432
36333534343064653133383535613936626565313866313433333130636430383861636436343637
30663739376334333032356566343539393132383231643131303537383631333437303139666361
66373733386630346563313063363539633166656362343963343739626661313062613465333532
31386531373965356539343464306561653730626261326334386332363631333830393236336239
61326561333461306266396430303263316330376637313536646234393931386134636232363363
62633566326333653931383134363333383232633931666437383932333632653265316336323361
35663330323133663164653864613839386630623765336163663537663865326235613264323964
37633238633339313365366430393933633464663438386462333763633762663066656164623836
65656266393936653165323730623762323137323361343233303263366163346134623737323233
36613439373233376162653330626562316163666261303831313136343035653734326130393563
38386661653563356136313664363634393863616631653834643738386332313839393431336466
65666463323436616232326366386563316238323935636534313432663232336535383666373663
35626165373134396636396135666265663164346137356636313463383933393433353534653262
39366363623661313064376564623066373437323536653936383661393261306466373438666630
31663163653135623566666336653132656466613032633232643736393266363535353663343963
31333436623065393762313137386331336234633536643166336431333263356139626436393633
33343232306364613162666363633834623234393134633931313930306134323564373130643161
34323765366336323130383534663035306333623636623561373637346465623065333663313965
31643239336336623761656365383963316162386636343932366264356633613237653234373061
37663039356362373335306533383936323434613637643964306664376662336264616265336531
65613337313036376234646336613236316237333232376238393465323663393730336632636536
38306463396133313039363333626362656536643763333130323862623237333733663666313731
39323937333162613165383561303466376234336238623061383666373239343963373461393965
36616262306535333961663230613832303037386538353266656663313832306238313966343365
35356331663938393637623533333030316138393037613031643665393565323863626562643936
61396662376665663765323233356130306430313937623433336231663565663866323961333962
31376633653639393062613864666633626637653639313030343439343262653565333538326236
39306363333161353536313462373933336539346434386538393139333634623462313231333634
39373830626538313534313061643433393831363933353637613331623763623133323539313932
34343064386665323037373538663930376663326633393339353362323633323635616232323132
37346662613061303732643462306632623166373835373138396537393036336131373731353762
34323833353635363162646335616639363934636234643633383964393836356531643165653030
30613165313764303665343864643539616365353063336237393733323364356639653663316265
63643233633163616662373036393166306461616136356437353665363438363832323665393963
63363566643838643036646262663136393037633833326135376637346533316362353862343237
36363166383836373838323535393136376564313332663637386236666537323230373336613238
66313365343562613933633162626264383531353764386562343665653161643263633630303232
31626466613536613061653363666331633539316366383963306339613932393038376430316364
64353362373236393331653066313834383866383632663734396362383235363037613564643338
36383663393138356464303737303264393434303361383939353463393764333936613164616331
32616363396334396235333064383362626130303437343136393334616435613436366465666365
39633366653761323139623665626537643833336331633337633062303237626239613663626433
35323265326433383736653136316330643738633939383531316130353231626266346463633030
30666534333663383564303061383138613437363135626533623534623664313736666534633139
35393030643964643362343631656365333431376631343865306164373033653462646162313038
30636165666563303633376362643138656132393532313339313731343666633737383832386433
39636163343538343163636239363734633632393530363333393561646631656431356634386663
62353833656665383463323665663562396432393063353966303337323234323436336336386232
37353266336530623330366665633639396462633661653761383462366430353836616666353131
61313664653637326632663738373732393661636337366638633737393564613536613338636335
63663938636366643332653738623061363734626437393231363732303363386165323831326439
39353964663935663531636461363138323738613436613963643462323864333033636261343338
36616430336236363432386239303833613535336237373861363862333630656632623064623562
33646230663262303230646666643966373635646537313135383936323662656366323436613437
30313435323339383334346537373137303762313636623361623430303638653366323532663666
62336566386139646337313139353533623630636136383834363534316531663934633434653966
38316630616638626133323235393165306664663033326430303761326235346365313066333965
65633430636232396336616166636264366664326537326565663462613731616666356338623938
32343931633836663438383232363465373932333232623232323939316638353833366235653465
39393232626164653032653362633636383865633232623764353834626666383534393361633632
39343039356338393363303337333032383339643764333563313333323038353464306333306661
66613465323462303635326334323064323430633132386462313833386637366163633334373066
64326635653839306232643035396635326262393566333965343138353661633335643737616361
39346139613262633532356364383961646530643764663132333864633834616239316364663137
31396566633565613965333831386637633162363237393930613039646535633635613931353238
36363063636434663733396637373465396338363663306261616366663034373335636235616461
34356262353935373031666434383431343432353734373331353037333566613365643236316464
63336633386462643633633566613830653830613964386333333232626537656630613465323634
36343062633138363862363863323966643934623764323531313861626332376233373532633136
36656431356639333531353033613733356236366336656238396435326534633639313765636136
64343036303566666534356337623032386165613636313333373532616337633830383162336465
36633132353535333462616634636438303030363431626266666266323862343930363433656439
37386239663635616332346439353266643633383932396532343361336234626130346461643036
30343331643933393565396262336662646139393330326537363163613430373838646234376631
33373865343030653634
