$ANSIBLE_VAULT;1.1;AES256
33343561316533333335613030393434316536643939383361656665313735313265353538656432
6234333837303334313466393938656332343562613732370a363533616662323061363237376166
39353731383661343133336630666531656162363235643734666236616338336131666365663062
6534363435343737610a666365373130363532643338336237373939633466323731336164343835
31646131393165376338353135643039346431373839376536366531333365353265656635646339
30633538616163376364386636613164663139343837373761386562353465366466386138666137
36653163333135353034613932623361363361343934363037323166386437363064383939366463
62396337663738383161313737633965656538333437363136323533386334336139643561373165
34346666646237333531623163396437633362633763386564316139316133356131613137363463
64616530393230626636326132313037623438633137343236663031313734323362326361366561
37353036346636643763643532323533313433356136633863326435306339376364353961396438
62336263666165383434393432663961316464646636386636336363323235663535623436316664
66336361373262303135346263343936346261366366313831383238656632303438333437383064
38323935373562313866636561336530616136613336396565326266616266616431663934613837
36633132643038613865306538366338613761383934393735663431653837666436336136393665
38306135336665623733623337616438353533396661373334633430333364343639373337323934
64303730656636313664613166616539666433306262383836633332623038373230383633326339
37343933303438323934343830653938376631666138643932396161323864613766616365666432
39616662656130373232376232633537343162313936336533626161613862376639613131363430
31363866623465393966653239306564616365386637356165373331383863663636353231333738
31323139653936633035326430653238653733346163653934346531343565663237336634353461
34373662303463633330653337643163616437336539653964346564353230656664353432646531
34356166636265646534666135613936306232343237343535336638333637313464363439373535
31643936383136323064356639366239626361633661663366653435636235366361616532626661
33663532633665363539633734623430646136653432333662366432666337353437663830306139
34326634623233336336613633343635303165366464376636313434616436613463393630373363
63623338643739316264383839623763333031633934366534373331623236336535326234623138
33653830373238363437393865373931613639306236376638613337633034393164616133633763
62336131333230346637376338393161386138636433326235346564393637373737363739383330
61666561373737656462363130373065373734653135626662376361346163353662306632373063
63386234303361343632616363393536306432303435333062376361363135646336663730623232
62323330326462643463376632376536373430633263333537333939623863666462353464356662
35343631303239653336383462653935373539373433623434386236363564623265613539643930
34613538653265363030343861313032366633326437623135656535323437666663666564373533
32326634663838663666376633303330643462626566396536383565653062323963363866636164
35326461663866396661313863653064313165643365643037646563633961396365623235353839
30303734386130336531343336646365383332666630616564613936633838653736646562386334
64386164306235303432333132653466326638356665633937623866323132376661326431323138
36376365386161646161653662636138383561633431363564313437663666663063656537313237
32303238343063393761316362313665356235393038646633386132353664386530366363636230
30323138646363613438613662316364623462326533666232646336323431633864313935313964
37393736666335303966393132313062646139336332386334383362663033653764616239363937
34656336336333656463643331613061313163653538376131323132343930373132393732323734
65353761653330323231396338396166653033346236636133393433643839343765636465363737
61313661633332396231373466316336623630393437363061333636653831303233366134663833
39643438356634326163613830383431366261313536333434386437383363373733366630383937
63373830646435326339316237663066653230376462396465636261313465323832363432656537
62663766656365613534383665373861633635346133663666343339633465333630333732343330
64663431393338656266303066633435656264396238353830656631396563623563643934303237
39323332613437336563336662373830653032356435646139356162326132313566636364356433
31373134653933356635656361326265623837633635393365353337616336313132623639653732
63643862336239373933323535366137373239353138353236616337303463353039346566366239
30323661323733316136333963303239353833633837613439656562313965383663316234653532
32393962613630363937623937613164393330333764663030326665333339636434393031323063
38333764646638333964363236303566333761616638333137653032636262323165373937313963
32616639383437323436353634373666366663666263646136643636313637623864613561373339
61656337393238666138346163346531616331353031383166616537666565346636616537333430
32366337326235306238313537316235616430353438613438363730363963383038316264663131
35366439376333356262646636623333323437356466613863326266333962393538643464656266
66363939623034633531656461616134643664653635313861323537393237346531373765343639
38303366366639323936656438363236353066333434366239626661356630353464613934346534
30623333303932663631346337306634393166636338356131356639313038343938643739336231
38633831343439663261666132353639636139623531363064623633396564623833633439323034
32636264613566653261663930353432376130633935306565393534383931383634343664303035
61326339623231646237646133303836313062313563633962353434623966323738383761616366
36623362386136353566303063626133343031613138623961393235396630303361376331353231
62346131663532303865343463616464643635626636643238646230323634383838313038363665
39333634393235613262393338633264333262303333303665353664316232396564633266333637
63633765393338316532613763366564623632316631346565383539636532366138616635613366
63333632326535646264653830336131646532636563323531316361653334363832643634383832
33613034386461316136623062613466393863336536343864366531353938643062353336666539
65323837333263626162363836626130633062663435633031613261326464633165633630393331
35616438313665383464633131333331366131306539623864646537313237656564623934343433
62663862656231633836333666633530326564316363653831653238633735366137616439353063
36643431653364393933633037653463333565333732313733326537303235393931646331306237
61363363323962656233313335373239336331373134626630623236643837336230326466333265
36646663313665363330376364346662383138626632393930353037353264363832626664393731
31343535346136316632626132646332633565653232313931353431366565663736383930386631
32346534393430363766616466386638386263333035343934346365336334356664613161313830
39333639343037366531393330613465363061396131303636383838613034633766613163326662
66643361396365376134373264623238646235336561343261306165653066383339646463376331
35646330653961353165313737656238316365643566393934316666663139333063663663353139
65376561623038316663376230653733316637313365623430663565386531666438353961333533
66353161663363666636633538313639653062623732353430636262663061336362346138653664
62653561323330633863356431363538393862386265643830393562663866623136336237373761
32646238303733666432613736353334626462383736616161626533366566363038376265633235
66666535393634663435323636343634383831383039383238353436396661666232366564656632
31636530306230303963
