$ANSIBLE_VAULT;1.1;AES256
34626264356164383965356630316339343962656363386663386435623130306161666566393763
3666333664643439343433663261363938646130363561310a323664383533643037613731653562
39323262343166653539353862373633323265303834316538383666633732613731363263366139
6631336630363136620a303037353437613739626633633832623933336539353835326531346461
30323639626265386437663164356532376236646238313666393432363966653637343333643761
31343061353233313665393464353262373837636464646335303932346461613963613533393163
36343434616630363234653533343234666535376335626231616165616436623634393464373138
31613464393361306537643366363139366331393766343131346339363938383661633634306462
36333730363738326633633865633631383533343839313266346537613139326161326266386162
64646530353631336662353262646436303265316635303366666431323432653730663931623865
36303431616338333265343964643134633565313064373632306535336163656633303032343834
30636535336539303938633632333866336334353661383236663039653662633366303738653538
39656462383835306232353334636635363839396463373234376533616464663635326530656130
39643262343937313536623361303638353562326636663362666239383433633533316265383438
63613437373462326530363662373564396335336664313233326237363237303466336132333065
63373461633963363431326439393833353539646636633263356563323535373166623064336461
38393033366233386636353761363063303336613965343561353664633762653939343234666261
38333232303137353764626165313136633065643834373563396232316165323733636165626138
35386433653332313864336461373961376635373166336333623765333332323364366136343837
33343237643338633536363039626638346636353639383133623631653062623537626432623330
36363165333261396266383662656237396338653832303362626566363733336466353664383931
64636130363963393333346363376166303437316139333064373136666538326233393864306162
30656662626564343537373034373064663337356239663961343565343337646533313261623630
30346230356337373036646631303335313333623730316138363364656665363134653266313636
64303330663834636637396564366535643830363064356138633630613933393865323563343664
38653164623631666537656536623533613234346332363934653262633530333038633837613730
63323431373762306561373836336430353163653665356663363065613532313464313762336262
65366233626137313966393136323866663137636666306261363331633631333334386537313636
39613130353839303134303532646437303439663336343239656163346330613365373932643138
63356536643565353964313064663864663835336437346434303162303732363734373337353038
65393866343934663431343839636338643165653734313833643563636632383439623361356530
61653661333864646366303564663234633334663739363334643234626134343366303232363435
32346438656539666564306137623962613237306535333936306234363965633766663039383236
30613031373731656137623135613137643239343262666338306666313339663764303137616366
326362373934333764343335633464343966
