$ANSIBLE_VAULT;1.1;AES256
39336162656266383339623433663865393261353930313861303263376566386565613033336532
3836373631363730643965613565653466653264653163390a663736623236396662636239383833
30663661316430653961333763646631653033303163393730363733623337663063336365336439
3138616238393236340a636434663332303036663133353939303930646130633230313432313631
34303763636262653934633834373561326361316332613533663361303865636636333338306535
62376134363166643535356366356238633361363830643036336135613664616532626463366463
38646262356663333736633631613364613736383633646337343036633030393664353261306439
62656330383230663631343863313961663464316465616432393531303762336432663537643232
65376361303665626433666462383665336262656430363838313566333065306432616238393133
64323534353936346263396334346333623465396132323534343835653233373634336635633861
65393464633533313538616536393434376563346430386565383064306536653833303865373032
30353566646661323338643333363232633933663736613436336666666534373439356237306134
61383832646232663338356337623439626335663534346230353266336261356238373030346564
34653863623262373934373565353431323762626264313231383238323833363562366437663035
64633863366133643862386265326131326436323062326630313364666263326562646130356166
36343935343366366137303861663638373064396465393932363066303266366638663937303034
64653633383435393236653261306539396134613764356665333161653132373164333063633535
39623239333764623865356636633261386463653562353638613934326139633461343836306537
31623337613039623530366631626230643165353034303937353062613162333066313936303765
37316533313735393537303063313166346630366436613462353664636565303139343164376465
61613932366135376665333539343439346665643035396631323239656265363231306334386136
38313835323537313663363136353935626365653861373831323038346131346261366337346533
63626536656338386136623037613466343736626331636234626365666432356236373036396364
39383633396332336538656135313132663039643438336662373032363037613566316434333333
65333438303432643338613433313764303939323365633561303638363535313436326364326332
39353137386361633262383333373830346333646634303838363061333932313265663333366131
63663035356466373264613263616334613931313039373739396332346336323830366237326561
38353163313936646632363562393963363262363236626633613836383666656562626463343461
39336234643432666337303738626639343665656334376431343338613938353464393539343166
31383336313231633532383133343134376531346133356530383937386463386431353231346434
62623535336533386232336361363939376262623736633164313030653332666230323239376461
31346335613564316261626138383734663265326266323234333531666534653364356636323234
37633063653264323431663832653964303666326535306338346231376135323036386665313935
36363838356135366564626136636162303331623831343034373834666464666630303866393361
63323739613532313931363333613836613765363866306331376131623934303338323863386232
36373932616235373666626363386661343839653838373431373734643061353531343962343862
64386632616465386136323861356235356365636231316235383564343261623631303034393236
38323531653263656166356438306636613566623333366236346333326663633831366235383433
63613733636261366238666239363261323462303265366233373465633836346230613263366530
36366262663734343733613135356163363165653030336162633539333564353837613131336331
3162
