$ANSIBLE_VAULT;1.1;AES256
31616637353534623065343831333337653361666364353164353133346165613833386335363934
3162356439373034343737343064646466346462306464380a383835393832313737663032313032
30383636616164353734313335346565336134373162316163366437393362626533303632323862
3234336262353437640a663361643965343439313335393230613030343563343034653033396138
31333435333962663461653236643464386634356362633761383665333832303333343930663931
66326339353839363236616339633861376364343039613332626232626165653536623232353061
62643435333165656431663732393430303064343034366434313334383362386662323836353961
38323038626630653839623038303461656133373236653636396539623563323933313431373130
61643030396538643362623937303533313137306661353730333862373963393366323561306137
36363434353966613666336233636332613665353565363764373438393838643662326663353831
61373366623630363231656638373133643136363637363530656535633261623266386133643336
35323333323164656238386331636234336430313139656664323262306361373032313930626332
37336363336638613863643236306436633165656635616463313664356130363239643837663762
33343934393636313333313736366631393832666637653062306136666232323065363139393532
65363866326531376164373935393436366261663336316131666364336637633833363265393562
31313435663031623861333862306133303865363463313438663335323365623561373837613161
32356466366463623431613431393136636564303263326133306538613539653266336566363433
36346335333135613566326534353138663664346162623165663735613262333835383138626531
31626135383966326266346635366463363337326434636463616534313330393762306530316536
31383231656264633330633863383631613335303866336334316335656230336336343537663866
61623061633165393561653663313239323830373832626666663430633061373566383131663536
30646238316634653561313639393731613264383234366233616165373861353834616231303330
32626537396638353230376361373834326639643133323230373237613938313164623833323962
65623739313839636534333632646330653565326436393039346239356630633636323433336462
31326638356235653830333537356137333632613535633536376437616664323535386436336536
64633136626539646566303464646236353439666530346337336635326138636136323466346236
61333234653366383631303930653432343431613963383361633264313034613836303133363937
35396433613837333839363133313366663236386462356264323236343539366165613831663264
36623161366266313535623261633830633135653133353035663561653038316162626536636431
39353062343130333062666431613031643364326665343431386462613834353732633365363835
65336435663862353833633062383063303066383662313566346533303433386133326562623534
32616331366338343131353835393334366635363461323565346564373136383736623736303236
36353539376266303330616533356135393138303230393563366162326133346363346537363339
65623565636532363465383637613766336263356161393763653435646531343733613765653830
66643762363131356562303631326462303636366232636662623363616362313261316437303064
30616636306166636164633235393936643962336661623262313166653561343930663530323032
66643165633532386566346635306638313166336162333335386532633537326535643237616334
65373339313862363066366439383939313961363239616236326538316439396364323139356263
36333866386338616435613538636430663466333330313837663936653033623639646239306135
34353431613562303237306538326361376166353230363734326461383934373438396462633236
38656665383566353735303339336233623938396666326535313935323534386361
