$ANSIBLE_VAULT;1.1;AES256
38316439363233323639396464376163376566356231376636663730623239356235613134626231
3732326235623365663339613334616136333530353939630a656362666464376536643366303063
65326232333736333231336538656538323638303430343231326264653030656432663532363732
3335373936383131630a613565316132653239393530613464393635313165326564363435373235
36626165363339393834613335653536636438613131333461666365383833623362616536326261
66333862316536346336393162393064653637626662363935353665376534353465623637376330
65343433366138393066383266663137353033343163336231623136633863393965376430333735
39633139376231316461346663356233643430326336363134663164366238663232643838636438
62333434623137323937386333313730383362303232633435333466303338366637386265643561
35363432353163643533353936346234306634313435636137623238366533353138623962613662
61633931343830333961386232376233666632623866623233363036633237383363666238323566
39636235363033393563303536346464336633643733646432323639396234393436303232363531
32393565663566346634303838306564363966313461303164303361646135623231633762303031
35313961333464343138323433326139643333336433306261373862653362653930373832353037
36643064396361313038643161633235333263613130323334343334386139323532333733323866
38653062316233616538313965313431346630623437323464636133663234356233633563613937
62323939653131613435666131343630353932303936353336613431303266663162316639366335
34653034663630653636396362643139373161356538643132653039633063396133366134663566
31646162316664346463306233346336646237356536326362653035646638376436346262663839
37663234646164326133666136643536343339343532656530313034303063623734333533613032
39353331333034303530613634623837646334326463346162616336353632363431636639643436
30646430333865633038386165376564303637643439613365343135613166613637616262633735
38303939303538306164663732646261633136613836666164616538383137336631356533643561
66633663373335346139386231333433356463356462636632656430306434313933343930363366
36363032633637363730643133616635663762326536393339656334353461396263373435393839
62346133393763383135393265373838353464376362333538396466333434366634376466316537
31393361316235316563336334666232353535366666393436353737303733393533613263366338
63303735336165353635626438313961303062653934383964306634353131393265616632323464
65633834393839653265623733343163633861386439383562303865343363663939373236353633
31336137343666363833316532323133323335356163356232623035646339636238303161376134
36623662613931623364303537356335393930336430646436663861343338313630353339323232
36336235663230343961393761616364623565636435306637326162313535653835373462316332
31353736376566343164386261636632623666663237303936363638303963616464383766643764
35303062376365653565346564663838626336373930393037646339616134616532663435316566
39333464366366323036646531643861303833613836636432303165323230393135393062636338
30616531353033633332636333366130666463636536393764653638666537616263383266366535
38633737623465393636396266333565616332303962343539653161323936633734356337613762
66623132653863353539306339616539313930376365633332343564643735353731343435316335
61653532326333363739363963373437383232316663663235313737386236393862333136666536
62333466373435343630306363333235393466646539663138396334333834373865363539616430
66646266346230313566616630366139353838396630306633666339353835633834366166316330
61346238333063613431333636333634366161366464313038396437626263636364393833663933
33663638636364323438313839366364613365626431346639373330626463373363303661623136
31366333383530663237353031666635653266306438333933383264363239383435313062626333
33616139373134376565666566636265376130646538373634306634666536656433393361316638
39363366383162383530396234633531303265363738626364616132663636633962303336336336
62323332373063666463646437646666373832393763393137643565313637343965643663383431
62396162643833643962333565316530396261303234383132643339626265663532333063343066
35633933333639313730323234313532346139646133353138333734313564333462333764633032
66653434333263356564613264653838316237333365663534366131303336613535643166653535
64616664306630636432616137346263306538636535323839383935346662333161353037316633
63643437653762363436313962663562643235336430623565313834663032643364643937636265
32326139663266633261393136386265613063653436323836303966373535373861353862356133
31393262376230646533383630303165363336376261636530326537656165373238323165383338
30633762643138373735636438343862626133393433313836393435353666323264376263626338
61393638363063643863336133336134383931636632336137643661313565386466336462663135
32383435353431306261386566356537653732633530633966633136323033353965616666396163
31366431653365313562383633363039306136303433666634613332633761326366346363326461
30343530396539396433353936303338346337396632666263346364383462343661326161346532
62623839326238363466383938383239323439613637333534353632383032316564393638656635
32613936396439663461626364623434396336303135303031386235666232303963393365663138
38313236366131303838326162323336343030363362333465353265333665643635616463383532
65383336313937306138653839306634376637323438326331323665663538303731333638323034
34363238323066346632653264333164613161376632653262383239626630636531323836613834
62313433303463643038383537393663393463346436303230656631323762623237383237393938
63353834646566373034663764383536646233383066333463376266313531346338646132383135
30326532353030626539393431623838653762643730646161663535313461313639373266623561
63613361346263613863643034396263303965313364636465333665636262373639336264663036
64373436316232353236633766636165313732383039356436366238613561333137323634373330
65393336306634323465386637633836383234323765626133366631613236646331383964646137
35363466653664343866346433623936633938363437326233376234383231386333646632333138
65383939633537613732396531303063383936626330363633336565363535393930626233313437
62396437646437656163366633356162666162663765616165326237633135316233383261396531
65643463616132666630396365373635636338623930383035356234326666636339613532363339
65633833313662343631376265643862366531353365336230363366646439613734396636386332
66323239363965356133303330656135333336623662313631643038643563363365366332346366
31613933346431366239636132626538353333333331373730346230613430376338633262326661
30613633323534303562353966376363646230326462376230316365306532303766396331386534
61303335646538313830653131623333373834343661613963326338346631643836363038396365
63383435656163366132613736356364336139323133373032306464333531366239373235613762
34333434373966646234376331646263393930353064353930646366653164653361323661303731
31363566343264396230353636353032326461633732313561646662383830633436636130376363
66616262383263343330633532623765343432353464363764663138366130653039303932656637
65623037393237346661386232616361386433323135383863623935356131626166633734386137
33373830366233373963316537386231313566393834313835313233616132363639396138613964
36623736653065396563306130326230663336393335653930646163373163386533303235313535
62633032393737656563396338326338396362663965663665323930303339343763363233663635
37396261313434343362396233363964623131656630343961393032653065653130353530643363
38613439623836333066613566356139646330323933643331393064316434323731343031623639
39303866363262383438373533613630356464353733303330623631626566323435393165633765
39323062393830353036326162383034656639636338366233616335356634646662356434656239
62353538376232333233623232613535633635326466613135656539303831376464663133643033
63366334363332376435343333613732333736613337393438303764636132366139623337303239
35306635356237616232666339376261336163383236326232363330663133636634643433643963
30393536336338316333623265393139663137363733353834623335353432396461643039306366
33393737646535373433346431333138626633656536643133613733663132656336353435383932
37656635613865373838353430393330373436626439393465616235626164356638363661376232
62303630656630653638313063613631326165626663613664643830633663656230623031326463
39353935653331363763656535623538623838663335623232316361623164356138306131303033
63363330636331373734396334353533643238643565303539323332666234336661663334653638
38353166386465313663663635383466653465393036663065313335313662303139383333303638
38623739383137373062363162343530633433363030336332383130656432613133356465353336
37646431643865653564633138303862363164623434393435383434336162336464383336343261
63326266393361363165356164356239343230663662386236396434626665666134613661373735
63343264613233653162373738346562346565633939343661353664613164626435613632376131
61313563666331366265316665653436643338303631383338666236383161313539656630646665
32626433383034383465393736373634376531663463646134613961623036646263366231346338
65633564383233383739383339366364316332363037623362303964353139356233323432646239
38663366383266393639383539363033363861313238336331633537636564656661623565316666
37303431613164303130376434656236316536313065386236396632636335373135353033613135
39323661643037653562366532316335373239373262626466646237386639616166646665653337
35373036616337623934386539373739393037313938353761663836653933356562306135303238
31633437343866353533363161396439313239323031313937386133383865613432366461396238
64333332363633616566376334633562303565343335376131343637626134303035613263656333
36663536633365636332363630326530396631373865393230316362386362653231393939663233
61666364643630373666373066363138386566313239623834613631633265663937393231646335
30353365303133643134363536353433376432663934313563336532393932363563383038376232
63653466336264353836663963623761623330636431633237393761663137356536353134353566
33326432313131343234616538363062313233303737636135643332626430323332666334616437
33373531333862623732333032306434336665626266336463386635366435643637323238623366
33316166383939633263626230343862366135643162633230636334396165656439393661646431
35353261313338363561653366333165323565363337343334633430316164666665316431303132
62373064313736393034316663616437363465376366613361653930346237623435616534323535
37303235343562663032333461396330316537663439323536303934326465343234373731386339
65666136393865366661336632313436323561623162653435356235323834373133363164656264
39633631626662636363333533653361306662613733613730636538326362363933323935373361
65373932386136306536333265393166333238653762313434373663323762326332303139363331
32646639393364363131613632383136653238663338323562343834386536633735396564633261
66373235346436646333386637343137393036653535613130346665373630656230316664373061
30613034363032343163636566366438373830303339336637346535356463356637303462663834
33646235366136643030663430623237303165626331393362656136373862303165633735613664
33613836653465343031366239303466373065653132336332353838326363303465376534333937
30623534656666376464656361393032643366383433646430366235363534666163646631373639
63323366643531316534666630313337373630626230326637626162356130313038336166303762
38316265383561646635343362663264653738333136303031633138353461643361343035616230
62363165663764653931353838323665333563376139613762646265616133396637316139376664
61663634663232376638353837343439393532616635383562666365323937326562323365313236
33646330643864653532663934393035333761363737343666333265643164356135353635666631
34633565626131313436363464316336623963653334356566613036333166346364363566656436
39323533663230666565656437656163383462393132663265623563316365666135666437363035
63363137653061343462643936386561373938646265623462376631353830353436393031633738
37353132646463306539333866653964663762323331616266346133353636306633343935313464
66323132366632363238373038386262626362656233356666663538346361643361336535376131
32643762376566656136613163353036633039326665333937373736643464626239393136343533
65643031623334336261633862623930623138363735396362643233643661636566333766633739
62353930303630336636313934366131363833303566303566316566653634326365646632353163
34393133396537376537623031383839633962643361373539613432633539666134323438346463
61396232623964333934393135306564633566623330306264663334613563353639393264366261
64363165636238666364623866613130323439636638373632356461643331643063346563636363
34306535363663353136663633633366626463396662346366373736323162356333303131663132
65343630616531373730666363363366366339306637396564373863393263356539363139303564
38376235636137363462643064306265303136613936333834396632656239656230656639323630
30316237623565356166323232653436376132316163343563353738666364646337313433306136
38393866336437323833393464323838623234613939346433396336333964336639303361643437
31313166333861613365326538616463633965613866613739393131306439646530326332323761
64636263303330383966663066323161353462373061363230646233663161653238363931323331
37666534653130346539353638363239323335303365633432366566616432323233383130306465
66323330323162356265333833333432666366353363393334663337356537363564613761353165
63323831383836636561623139323763636436303966396262376362656135656263306165633339
61333562376236326161383630653136353139343035323431313731363964393238366363636535
61383937393836366439333034623936383834636134626535656536663533333566306164396534
61373230393532623861663939626332343262613663626532636331313866613165326636393439
38333962646332373630353136626539623563666563663839343766646136363362386536323064
38373632303562316562643538393461306339613763373534306437303062623234636164303634
33343131383031393431666338663437323764633565326662326663346235663133333362646138
32626265623366356133636261373530393939356637313261336435623932326134313366313561
31346232663965646439373433376236393033366632363033626330363434343933306462396666
30666633613932623261336431336230326465336463396338636562303030366262336636363830
63323037643634616634346233393735653132306266336637393533326362333030346361346433
66653636396432363764356134626332313337336531376165393231346137303839366534653464
39383065373032613034303065326161333465356231623366373637303334653062363236366464
35326532333639653562343531396132376565653663386662356663623364623065326664626535
33393961633937333266396364376265373738323366303539656531386531393434386133653564
62353735643662623361323236643730623536363862316330363532373062393535636263353164
61326431633736333862326664373362363437363762386631333132653363396436333532336433
35386331323034633331343136623933373639373233646533303534333337626435623330613762
36356464616535343737666532373761323130626135363939396163613237396339633837386539
35356365643062363264623933643065623435613763366637623234663462643035626665353534
63623063613738326334643938336666653532333061353161316362316261663133613935386432
63383833656636346532303866633163663130346234333464626436663163326264343533393933
36663633366263353662386237326534383738353864333338323835613961346336336433623362
38303231306337313466353831643665333538343232353463643064383738343134326537306535
64376361333331366361616235373665313935313137633834323765316331393731356331313334
65386538656335643431343639326265326333336162396362636430653761306336626161343831
37623933356666326365326663326266373664376538323463346338373730373236616239376565
38636566613562316439373430666332613161663462383233626630376265373630343864333538
33633936313162643831653662396433363733646138393039343137393466623339373433373132
37656533313032666261336631623332363339386466623733653363323436303335393136363739
30646262363535653433383162353932633836653533353239663337613332383561333839656164
39663462333731386435373138646335316130353264336362313036383464326430623038336330
62616161393633616438316463366337323936643961646161623335663363623735373130396565
61656239633666656635646265663765616236356563343432396463653433656266656662623032
66643338633866386339363031343431653361393339396232383132663862393433633333616661
37363730346639343435383561303164623631353437393837653736666464363631643962383234
64313263663531396361383666323464656231373230346166326537316438383661653630613966
65613166333733666462396433303936363831636338316563376536363539383964363531303262
64623335396638326362313762333964366133623839656662393137336263613763393565613130
35653162333766653062633562633035653839643364393034353231393066316334353239303139
64376637303739346431643337643662613363326133663163343664366335633964373537353430
39656366393434373639666630633238376139313038393535353762333263623435306439373037
38396639333430383065373936333134633732323962666531306161376139633632343238383934
35336239303566306161323735366464643866353638326331353234666232373730623331313432
38313639656431616139653337366531336434316362363633386334363137643330363338386263
66376136613662363532316338303639356237373465613831623137313232616634386338633365
33303232373234353331656234373961616636396339633834346238636134663266366437313066
39636630613566316166353262636231613536316631626530363634396666396237393937636361
34386165623033333363633862313637383762376461626262353962346132613231653432653364
37646665623336623534383930356166303330646632653537393766326331386333633864653839
63643333326330623033626432643731393064353965366536343434376532313861363230363865
30653063303737316137326565653430356533343130366137643437383330353936656365666138
39643431333932663464393439663464636361636635316135346362386264343961636430383961
38373263653430656566343064646533313165393665353036373264333836306430656530333336
63383032326566636233653337313565636461326330623161343432316232353537316533393365
63343862396230306566393165616434303064353234323537613737383439313762376336386162
36653337613662636638396534323466633063383065306663333432633139653165383331643131
33613231396337393333646431363430336235383739366435343936303636633830353537303462
34666634396433323865613730303238326235313966633837656664303638326563313364353164
61666137306361303334336132343438373165363834346238383437373363623137613164353736
66303732633631623734636236373632336536373964363361363236393066386530636561623866
33636137653865373132366366616338336230383930313930353264616633616538636264386434
31373165383432376534633730363537386330303432363131643531326531626364623330383561
31376236666135366435316164313863313034643434393666613961643635373232303033373862
33663831653638653538376635396164346461623939663862316161626130343236336537316263
38656235323330393938613766313732373065376338316366616564613634313061666361343362
39343935363164346562303566363035626535393762383532323530353431656631313837393464
33623635363465316462386363643530626463653930326138343566356464353437626232366132
35316436613434623336316430656632353463353764616264356539653466363830663066653338
38653036373936343861633239396662636332363730386331376266333631343137623131643661
65616431366536343730356139353165393264373032383731623039333833396162326634303265
36383964633536363364653863333037306163623861366434646531323162316234393939313537
30643038376330336130336432663734666463326236306439633733326139366539353134343635
36383062646430643963373937623964623465323564323236356632666462383033626263353166
36396165346339396630303264353862653535376664313330396337376537653464613665363238
62383638623763643533356639316435303564346566636436373833616534646630316266396164
34613338323137313364363963653237323364633466326565363632613434373334663965366566
31653431363065366335396134643464303635306665336434306333336530343733386332323739
39363537396261346236613230383835376330613734623236653563383336646439613634663963
63643031373936323138646333663862613166656335376638333963323133666232363135643630
32336136373161313163333365326234643230663063636636666133303661656632633961346136
64343538386264623363623563396530663563663031613863643362613432373337396537336462
65376631653963333138356566383161316236613830383466363039366239313938636437643863
35336335663530613131393939326237366462346230353065633765646635393530356162376437
39343839323632373936396566313433333536646537303731366430326133366264343962653365
35633635643438663865653161323066656466373966363966306561343766333732643636656437
36356165306463346339636135613166373835323330363830396633346537656435336331366132
32656261646162366132613531623037633133356462333366353961663062336463656664333930
31656564346538646561333865326431616230323530646633333266623438623433633735306335
66336233316631313464313338643832313332353562336135663266653631663565336138356666
39336265336331323663346335636663386463616635633136633564636363383235333833393364
62613138663566313834343165643863363163363838376635336565356331393636336233623233
66613237663666336265393035356334363363303231383937393362373663646138373333663132
31323861616330633133316130353633643565386333633931393164303436323737393664363065
34346465643961376138623262306337363666636534326162343735333830353363346535376663
38353665353731623130356434336562393130363530356639303063613737303762663433633837
38336534333533663364613134656135663163373835316338363630623464623862616664323632
62363330306436616566346631326634623838306330353631613732343465313838653038356438
35336161616137386164356630393963333966323638356635386162316564626462653435616533
64656439613165303765316330313038623030666238656262633036306533636636373836313861
37336633363537643362323832653435666330353562306232303033333038656663323466393732
38333766313064303635663366643665333939316435393034393464633639656439363638336430
36343431366438313537623362396239346464333137373662663033323435323233636563383431
36356539653862336239383061313965356231613263643231363736323537383836646561666365
34333335353961333537393961333564316639323963306463643730663961363066613465326437
32373133366263383937646163366666306539346335646162373865343531353238343464623737
64383165653731633337316339646266663634323365343937613263323962646464393539663336
64393836623765393533383063663937336361303139623036376236353139356633643962346332
35373130373666323236373835336439383531653531616530333733386131633165393233313665
32386331303531326432646430343035663838636530383132653533396333396432313738616266
32323730653864656235343866346530363237303232663739323830633731653832356562633631
62373334313534343534633138366463333166643431643835313165616236396565353961626535
37333739303666336139376163353232376162333436366362373832666230623031633837663131
66303933316430646265643265653133323461613136393939316262383565343261636631333965
32663966643465643462323930336237636530353064336231346432303263323130323131336138
63353030363931353331616266363838336662653763663431636264326462356337643839323035
38346531636638623735326636306134636231303134656561313064346265323439383639623039
34663237316633373838336139663534373063396564636631646535666562396334333434373565
31306438326161633139336361333763376634323334353761393632373663323266653265353533
34386164643134666238633664623461396531343062636430383066656431393865353735653134
34303663343831303537646630653533343266376238653338336466623931643266636430633463
31343431656664386265336465396635373034323634653738323462356165643663376162633363
64343163303033316532326236333339386537343861366164333135363430393862343536386661
32376331636532343261646538666237333166313761653134343031333737336435376239636231
35303163643930333861396664623935363165613039636536633536323230386630373561333038
32353238336337376261343837306265616363313664636636323537663364353430646235653832
62373964373030643330306134356463383466623263653330383132303639643362323163336233
34613134653633663163393931343334383039623763393765633464336562313734636362633962
37653332653366373962336637653065653035623064376336343936393938313631633862663563
64346434666236303333343335396561346130633339306561306365366130623862633531353062
61653536333332343531643339313365633839343432623030326165363832383161393238396264
65633239353635393137643734363635383534636239653333336437393838333231343631326339
38303432303261666566636337313161396531633965343964343464633038663263346636643136
66363038623232626634393236623633653936346462383362303465333339313136346164383534
34643962663739326339623230366264383434346231363333366234386330323730643166363662
35386531623064633839616533393163636534303035626133363730376637316336333130343835
39386437313866376266396231373537616331356363393663393265303130386263343137306439
34373232333335353536363232303135643264613233326637653630383363343564386661313065
34633939313265373931613365656239313863666262336166313762306663373465656161363663
64373866326330333332346331353635393632343164303562313837383364353236386663393338
38356330656365626634393431383030306537376339326635666130343237633562313337306666
63376366643433363436376162306536623063363565336238313666373764383265336364306639
65323838386363393634646435313563613264663432333937633035636633303538653539616237
34666664383230313934303766373763313934316266383166366262393332303439303730363532
66303439396462313339643737643662663061313663333364343365346633303731643631323563
32666437346163303630396263613338396638666364656635353536323935333137363335326231
65623864353763393433383033396163323732653434393461363335366531643964393439646436
61643331373733633732646337343963646438663238633635653336346534653266653630643465
66363165383965323661363864653461636332306130383039383930383331363761393565323766
64656466363863363137303834323736633062363965623866313937633661336538386664623931
65663534303831303661613234313830613161393930396632313061363637616331336262646630
34356463663838373038343534343562636566326434353138393435393464643132613565623266
31396365363638346632653764663436616633383331343263646238363730346638616135613864
39376137656430343535636335353062626661663962613661323363323834343031646133646465
30643534646434616636613738656466323137366434643463663136316339366431383037616132
63303738396266306133653333386530613566333333613165363236383036363039326264373366
63633761383234373137396238383364386134316461646663303666326635653937636161373337
31643433386530663765613862656462663763326532303866303865373538316362356162313239
62626139343639306266633433613566626162653866616130663538653266373030316133383232
31613537313236363265343964653933633337346237613634356233373438643963363564623865
32323964326163323366623137626230643030363837653665633332643663383264313238343362
62366237393331376661613332653061626666653535396633333031616338653766666665373236
37643866653134393131366530396165626562393938343831636333303030373162383435353766
32663135356263653632313066333466613132333363316430343536306264303862373839373161
62643935306630386564633333323231636365343533376333646430363838643666306636323635
64373766633663666439613864343932656438306465613737366562313032663034373935396431
37633436353632323732643736656433336332643534366132636537623466336530343166373838
30373539656466323236343964313238303566633336633333383964316466353466616561643638
39653066656166326630323336343563393932306236343263373939636462353938666238363038
61363536373061336365356436653131376664353835633936633531383763306661353036313639
62303064613934313233313130623835396438333735656330316538363632633266313434626531
32363334643430323631616237616236356464313066303066373730383161393231386232363865
31636162346138393131386464396234613036343030306163653763353337326631626430653636
30333761396165313035313865386466376538623862383632303730353364613763663864323836
65613233643630393432396364303433616266313938613235653539366637656635393839303533
62353233333935383165616363353865303634323235316432303730616266333635333761356230
61663531306432333932373634306539303938666536353466633738633336396134323661653064
35663133656337326438383631393232373066393130306165666436613761633730346139633032
65363334323364323739336635373936336336613665326434646632353838643364313361396666
39353730336336393262663638373638333665303864323862323437386435366632303430326231
63373463376462313263343063646266313165323365633231333563393437656639613638353434
36393539666263306364393766326163623732343637313665363264303832653835646332346365
36666466343032303464373562616230366234386538326434326664613464653032663131623532
34343864306231393331656334643161303666656564663833383162336266306239373130383038
31376366316539326431313466646333633565366236393736303634396334313134306564623735
65646263373839383666643135306537623563396436663830613231333364313336366132663339
37336235373036393137646463643232613037343964623135343165663261643932626162396238
32326539323634323930633033613665343365356366393066373839373132353362356264303336
61383831386665346366363566343930653263343666393536616265333765346266646630333662
39303835356633313939633036613335613136306332663633643631343431636663323030383862
63363933656633326438653337656163653133666665363166646562326238313463633533323066
61313661396231653839363039663131633337623762363133306237393362383730663433626166
66376538306230633432383166646437613562623331666666613932393763343738383665363564
35656362613432646364343565623238346637613935626330636134356637636462333135383936
32636364333763343133306137313038343038643531373963616137643961363131333237666137
35646137616130653063643739663836346438366332323038323532383862633331623730373732
33386438373931353164323665626566613633313434313136653066306637613461393664633466
38656333393233623639663938323133633737336234383961643135323461393134663564383035
63316230393430346537363539613863366664643230376565363463626665636265363566396534
37323739653562303663343232613762623264303661373739363235333933376630343263326231
35346534376464356238656333346430323462643032396162643433353034616165336138636135
64333935326263393939363261373634643130386362306138616162646530336236633033303931
33343034616436326636373662303030336362623332653432316561346533303361623264353464
32333661346431346334386335316363306633376564343334656231383264663734653137653464
34646637616435323836633261363630316135353030653765396566626565383062393637303939
39356530343365656537366133306562303434366137373865393030363062353039313135313664
65316537393038383137326631366334636665376433343962313565636634633031396563376331
34323838356134396232383163316664336433363566336565366138643034663565396439323536
31326631663361643537346364323864303066356434643939373937383339643937363466316136
37643939623035383932383161336364663135326663616161373032353161313165363831646564
33363533303337623135356235633035383861663735336565643365633039306231646564626635
30386435356533626338643135313662393032663466376438353230326563653866616163636163
64646536636231393766303232626237373036376338303534306630376136663538666466316533
33353435353231303831373563393662656366653732363363343165646565393738383435636232
33373838333134646330663963366264343861333966313263333562356235666431313265313837
31393136663038646261343861396439643935323763623038306532363035633038613231623330
37666366383563306365613338356662303034313039356534396335636232653466323434386532
36393865376431646238393837613639366530373163346139303336323536393665383335363166
36306462643437656463346636366330306232313431346534633735623061366632306338386133
38646233383063666130646661336438613732303831653665383934356530343636636539656538
31363365376539653331653737383563383264313130383333613231363539663265393337613539
38653939326335303266343330306633643763326230663434346438643631646535303566363939
30303161363537393334326339633935636130303764343665343965376330343739313966366436
39666236393630383135626464313161646164326662613363313966663431653031643336643865
35323632383035343564666163393464383531333732326430653239656435626562383131623334
37323761396233663232666165323630363765333464656330383037653636626466623233303433
64626164623262343138393661656238613337343038656431313364333931313036636432656562
38613634303336373839306232326239343533613265653339663335356662643861386166306233
66353061316662336666613364623138636161353163333235353639303935343435323766643134
65646265393465303437616161666266333363383539636339393265386263373561393461303439
31316663613639653730623530356539323137643764343661313362663366646231336432663564
38626534363032303639396536333264623538356130303463643030343366303732666232323138
34363830383338323061653062613436623565383234643036623831663266633664373631356161
32653365393462373166376535643665323366316230653666663937303937356662353062636634
62643566666264643863666639653633653430653130336562633833333262353662363762633633
63383239353464313433373964343039636330333166303735393530376533336365376161346435
64333632663838653535633566623339666263306134393838313131363938393037666663393637
66316165353466313034396133666463383363383035343733626239373338623538613339396463
65343664346566633765366162663066653861386137636639323432663435393036653463363631
30326333383538623035633164366665666533393630643066306361326461643731346661323761
63303166343539376164366233343038396265393439396334316465336261373565316365393365
61366632653630303762623563626661376538646665373336393739663865323138613433343461
66643064383335353430366638643133623337323235663136323363616235613938633564656661
31636464656566393661303436373530386664373332323233306361663964646635656334666334
66613362616336376330376266633061383236336133666661363938376661306563393562303038
35313066323430323538633136646538316632326466646338643239323264363733353561323963
36343439336434346662336463393830303831626464626562323031663364333265616363346638
37306336613134323964363462653965383336346134656437613966313264316262636263616230
32373835653439663335383461633333663830303732616538326234623664316131313132313930
30396531333236636165393765653839633939366138336461313766646138616139313637663065
63336231343331633366333762353164383830313764396132623762616261336362646631333962
37333166383934373163633535366664316135633839646261303031646436626132666432326264
37343066373938626331616236643833393232653133323234383331363466653239373832316332
63346431633163663236663065316332326366326237323934346461303038313738636538396539
31663339393132316436353561653235626262626333623536353132383766646261346531646637
33373963333334623730646432343362306339396436383439663937326337653038383361366366
38353363633731353631333630643463383139343338623439373766306231396432316266646433
64653965396263333163336134613632316332636165376535636664666134333865353635663233
39663962303365643336383764343638663263623564656330393166636138626365333736633533
66383731303031656535316238353264656462316635663939663535356163373664626530633961
62656634353962306438396139393964393439356161373066353962373132623963393238333730
63366232313035333234363264643736663461353431626366663061636639343232623962613939
32636239356562646334356366636265363834313539393231343539636534643338633561643066
62613363356662613565666239373461613761346163303437663739616638363036363232333861
30356630613632353035363439663532303763396532363164633265626636306165373530326339
64626434396333363438353862343837633265306138356361333731323536386131636331653634
37653735303465623534626431316235663166613734373235393962626163353034653963366337
39393634303035656462333135303062656131373231376635623261393166636361363537326134
38613764613462363161316439396165666265616562373562373263366336616134376631343832
33386535656331343565346239633365626136636639343430373730626431613763633464633535
31346466346232303261633035353235386438373236336264306138366335386133333032313137
65373335346138356464333131383333303931323266306262346161653235316266633933313761
36373366396165326131663432616339646265333938363033316163663665343431656331663261
66343635383762393935623839363336313663353939363630623936646533663735326436623763
66353664376532383465306164386463363836313536653335323733356332316434303139373231
62343438343531636661363466616332316332356230346433613433636164663265333266373733
37613537383630646638383837643463613464376339653137306439336564643432646165383739
36656634313566326332663230333262666432313663393735653436323736656236336637373163
32386331653934313037623139356632343366383539656165346432383061623336386331333139
64383937343637663062626564356362653566623832666330363662313135323230613436663534
39303866376464613837306666636336343934623836343333346436313738363734666662623363
30646664393661333362663562383638303764333763613736346463663830363963343930613163
32346139353265373332353938303736343364336139396139633232386365336538663935663236
34616166303166363138363765653365353762363936383032633264353931316237653832346232
63636536303030633661646230646231333734343431623532333966323038623866346635623965
32393264323366373635313636353439343765666237306632646432396339663630323632626331
34373736316364313339303134653636663162393737616462383633626636333564613962666236
38616563376130313232646330663933623739613363363133653165373139663066336634386134
62656134666334396263343032343935353833376639663366623537333438326365333436336538
63366130306636383165636131333066333562643431373532303065373336333363366161326433
39343431636365353638636338346462333830663737336633343965643566366439333834326531
39666461346430386536646630633762343862363937343965386265656538323463313964313838
65333466383663346562383532373462313634633938303937653338366535303736646132663835
65356638333239643339633334306438343538386232643862643139343032656465346537373538
31616661306435616264343466643431396132636566376163653231353933663339353465663966
34343330323431623066306165383038336366636663336164656363326466386236396630353262
63646463323131353930333330333232363931333835326462346239383938623761633131656338
36346565626265633930366236626566613463343437373731333562323364643162323131313035
63626466613236656337343361343364613265613938353632353730363961353630653166666565
35313939356432663839333539346536323437326361343661306664316231333838346235396536
33376161313231643830306364363162373331326435333065646661336334636139613035353631
38346464326634393837316236653561303334623936316437326465306535656437626362326230
32313136343934363864643932353235383865316266306264313330393438623464626234336433
39306435316436353532333437636337383063313365396635343939323938653738343365633763
62366438313039613333363062643062663438373065353932306239393838346534336461373861
33343935366238316536643030326133626566363833373063313833363336653939373336373731
61636163633565636565316664653333343836373562336165376438643938653534323839393437
63363063613961376662643464353164386166643138343937343262376335353164666530626363
65383837383132636236653961366264333866383338666136393634366565323863396430313237
36313733393835303865643939643234653966623835343233376135643830623633373339373766
35396265623933616165363464313138383339643532623330383631663435363438343864383235
65653939383932393138616663303239333131363038343235343732643032653932376330336633
39376237316437316662313761313034303265323433313037376438343238303062383162663836
34643933636333653037663565366164613762356662386638313733653539323235333063636436
35666266336563383932323462373765323232666663643637623166623038326130313339386338
35336137663432373830376363373961623339303636656561633036646237343533303634333239
36633638346561396437303061666663646264336263346563393939326430333934386664313765
34356431653033366665626234626463396162626261383338633963616165633766616161346535
34656639363734653563316264313631323834653137663266393333343161613835313034373163
31646138653134396139343638616438346635323661626136616363373537653339353839396162
63346632646164353531623337333236633366353937633433363966613233633966633237623637
66616630383033373638323137303034373832643231613239326563356666386231616164363032
66323266346165323262663963646466303862303733326138646166373638646131373435613230
31363364663739313737376338663836616535316138333163326463666334376264303535353435
36356138643138663061356565623163386637343662653961653138343131643663393738366439
64353535643866346430306439616137313631323265663732313063383537306135623962376530
33313830636134663330383962333633666561323462656136616439656263353234373831326363
36663164663065633636616439326439623338333036333963376437326633396639323337623733
64343836336339303731646431656263313563633161613837313931666132656437643836333565
64326336393437396266353736623463616339373034316665363437623261376636363433643461
30343962313263666639666132636137386561393234663335333862323265306235346562653962
37393631303835653062633534376530643437653036333131643838646137663662633161663634
35636132333565613863623633323762366461393662336133623164663032336131623464623736
33383931323666313530363934356336363732306463333533313465313430653664333539613932
38616262666130623133653838343465346438366431346630646661373333393733653063313931
34653639363437343738656266663262366338383464623362646661346362373830313361353364
31346363303831303533373130656233613733353161663530626339663137363230643536383036
30643731656264356230326265326632323066623162643166653138306433336432633262623539
33613563323633366163316438353261356261396166393861633834646261623266343662313137
38383137643533633566363264633130343330303236616131353339393439373233366165306634
31633031623366393033623633326630306365393736313936613534326661396466623338386462
32646432356462373335633738323431313463363262303861373635313566626661623263666633
37363037313738656238623866383166633366353032626265613461653930633536663961663135
38326630633839393334343030303238363332343831336135333064616630333330353430616537
65626330373630666135306339336133356361646665643562386138356365346261616630396333
33626562373664313039656535343835616565613038623165323432313266316136666438303634
35616239316539626366363733656136653361383237376130376234313530653463633262356331
61326533666138623865376633373730356563323938386634626333383433386363313062306562
36343663343130663064306339633238356463643834636331613161643533303164363435313330
33316435306436613430333138636437376131663839663331623530333837326162653436663363
31616335633337343134643631643033626166646435366662393737353533326137323962393735
65653663336539376330363064333165333136646466356466656631373738393637313263386437
62316137383638613762623334306331343336353933613563366435343430633064623665316436
32343831343438363939346362323633386664383430393633393134393237383036336361343765
66656163336532313733386666313030356335346635613664343362356434396633646239363630
35336330383137623037363663393132366437663562643837376630373833393432653339636462
36396637343463316336323835343630623431626137663735393339663931373862626461326461
31376365653238643166343439626434613130383464613033343633313563653266393464353132
32623265393664306430656238303233336666653034643162633330326639663131643832333439
35663831663837636333633937393838656436626638383235323237346630313562636234656664
66343364623634653736343763653665333435373534633233356261393835666433313866663664
65313164396531646332373435373030306430386432623161303530633938653933316266303935
31666465353462386461346139613335323639326164633161383262383434366163656464636166
32636463353938343166633932633830323137636163666665616636316438653734383431323866
35353131323161393462393566363966333031336637333837313837646564393232326263383964
34316361383735623831343736303064626430366165613533643961376134653932626534313731
32376635386639633062386134623430663931353130653133626630393938646337326662353762
35366335353830323532616363343338613836383338313430393235323337623038636531306663
39353961393865646432313532613935373130663930623138343035333735613565663734333431
30633433346162353939323532623862653238303539653739663439386466323631303466656339
64653862323638313839326264383065636534636635373134636461386637643432333261623937
62393063663666393833333464616436353965653165393138643536303231613763623130316536
31613762613166623233383538393964306133363765613862636635353536343230356233313337
64356263383863353830306266343234616437626338306265346563613265613265653264666663
35663536323466633932663333666234613266633264613964393539383663376566623933393838
39376536366634383933306565326439356633393133363562346262376365626139313563653033
62323862653032383965623337633339323435653364353632303638656161356330383831646438
66316165666562613638613738613430623134633661636634643766326330373261346564623761
31616539613437653232363761636133363864383263313736393966623736326436393034373761
62393633303831306466316136633265303061336463636637336139356239373933336637666132
31383338313063613133336665613435396564376639313333636263643936313135356534356331
37353138663934383663623162663137326263306238663664363066636333343835653661663539
36323930616335346530333164646136306533386461643162616261346231346361366538623264
37623866346136353732323061663066326562383331653361363739323137336539373365393365
35313135393765383630343066373832623533626637636434643266623937363764366335653238
31396438646564336564376137643333383037653231303561313030353265356666383134376138
30323861653465343637383632623566303139383134333739316162346432646661323030316332
38656432326663346263616661343430323737386164323235636435636362623931663462663533
62346362646135353137346532616236396264376366393235613730363361366132366664663534
39653433343836323361306661396432636661666530333138643565323761333763643866666234
66646164613235666261356235633565326436313964356536356134653537396232633634356436
33373462666134363563613437656231336663303939646163353731353362373738333830666137
31616633346664646633643338626536326362383461343836333330353339666532663863623763
64646366333166623632313861323161323264323738643663316561636365313634353366396130
36386565343034366630363262616563346465323937613538633030323734386564376133626166
65353130663261326336633266303863376239363234323835653065346665353138383435326432
36653566616539366365613133623733613361636138373561343836313762353261323833363238
65336132616664376239393237343830623363623237393937623361363332346361643462376566
62643531333034376631333530303333613737313163633638643661633965353166653339373462
61336165313038313031353230346537323735306363376566383765363331353239393138356533
33383338313733333664333931653438326235356635626234623061363761613861363666323935
31323533336239336666376531356334366333333130346466303562383133636162333439646537
35333762303966323134393363373437303632386564323633316339633861636230326135316362
66643166636233616461343433663562626632613238343531313831343933376131646562616334
37316663313838623130363134323134376231646331376331326332306637336538333332646362
33616364326336363539653338356437303761666561396363393339383565353235306465653039
61336537643539366236616335363732653864376239343664333364393832386230656163613339
65333363356333313262613931376432373863346235386437366633353638363238303463333632
33396235373038323564616238656663636333626134346166366630306637313565303631616238
39366161653765373466623437663062613235383164643630343035333439633562313362353234
65353031653039643938363333303539623639366531666365306430646166323633663765613466
63353635663539613535343135663161363834323534396236633865333636313365343131643762
65306533333835376637343162663130653435393333633631346236333334616530383766656631
32363763353262643261376663373930623530643065623534303038613332376464656532633830
61333234383039393734393066316365316463623637336564343834353934386435626536363836
63653937393637616431393031643436333534373232666564653262363234663335623630326639
35363839373763383337623133336635353237396465366164303264386332666235633762343731
36396362316664626139366431613364643538663037633765383064363035383562626363326636
39386637316361336166653730366132633331306465643363303232346430626165316433373563
35666239393564396430383162316537306639366237623132643536623862376634666132363139
63626638633861653139336463343135383961323438393530613839666638333663613039313761
35373630323036396537616264323934366239626536623037326333653636303464646565626562
34383862626565626139313964333461643865303764663336633936303263353664393136393264
38393761396563623730356564336666353535393734643631613131383837346430363530313534
37303135363933396338623766646566653733666137613339363635656335393535366134363730
61323362613236376464383931663533653764653564333039303332383835383266663963303032
63336439353839363737396630663533646236663138643632653935326365643865613461303139
33396436663235643462613965616638323131363364393733646531633039656131656231363766
32623466393261643930343238336535306635396532363562666537633839383436613164653339
30356136336365363166333066326661373037396363633032343334313734646136656462363431
39646134386139363362613966646436643338313662323830323262343531346636363562333335
31643231323864343534653165623965616534653539663035623962303030333239333331353635
35386432313739616235613737643532653936343832656232393466646137393737333262346262
35656463353664356339393632626336373362613461376430636238633034343235623464663031
38656536396531343866313161393238613432313732393166623664656234353964656162363537
30323333393434363030343765666439396563353864636335366363333234336162663338343266
64633438616363633838636235323235623431623537363831386631353434643631333262383665
62313564333933316336643364366234396461333639363335306430643035633832623963356334
37393763316262343038383436663238333030616261343061333165636366363532313139353961
39633833663634633666346538613633343839386361646261643637656661383866656338383535
32326166636262646563623362373336393035393735333231376633616231626566363432616632
65613239386232646665613937616335633537363861616534663763383533626431383938316662
63623763616661623630323061336337326661616332306130333533336161396135336138356330
34353761393130323030333363623530376239333937333635613164363539363637316636623961
34353666313665323638353165613931623032306534373131333130303537373763623164396437
64323565303232393866376237346238643732653536643631353363656635626237313665313865
31653735326363396337326531343166323235323337643861333462393639313761333866343166
36663564363866626431633330623663343062666665353565333139396166613337383036376262
34356362663834303631396166366538326539396664303836633566323038626330613038646236
31613639643161666435613437323338373234656466336363616139373263386534343833353431
66396633653439343464393834303965346437613433356439663633393532663839643531303165
38626132633936373137646532653936626131623039386430663234653332346234386663386538
65393830366466653266353263323632646362353838373462636166363036303237373132653864
35373937316663643639646261303162633162353638373031646135316636636139346334656535
61396463343464373630623539313161356136373266336636346138353966316166613765336433
30353963383966326430626233363634333634666432656134633935303366656166393636356566
31373664336363633932353764396632363033313165663032633164643736333539303961313862
61363436326362623530623137656231383563646235616530623337323531303535393035363531
62343962323034353836333661366261396562333162666235653131653666306461323163346236
66623639336630636537653331373262633666383462653964316431623436333236653038646231
62366133316262306634626239643263343339616333333865343231313665623034313765303762
63383165663464663466366530313863373065616164343136313062396261353035626333333439
36663330613465643365373539313861353536303330336664616662663437656331636433373662
61656263363935373062323038383337323064656433613833306439363437396139393764343863
34653862343037306664316461643266336261623737393863333938356661393632393131363235
63313933383862366562356266326664386261333436376439643239653837386366613164393438
66333362623733633134363463343532623865323833393365316636373831363363343465333464
65646331333563643030396232353639353133666261633261323835656338386334346337623637
61323962303837633730396266613038626634336533303061393032313135666162616639653438
64633063353635663037643062306464353065393463323637333663343065663536336337646130
34656138626536653131646430643864316264346339666465613238636538313335346436623761
37353536353264616665363161363038363863663366303032363435653138623634386234383132
64333163656263303263343864663262376564623663396132646565363031383063373830363730
31626638326432363534393630656537333639363033656364303534343930336437613339303562
38353365623639303230616534353633613438323365366537303665333235303565646233376333
38613234643836343035616539333430663361393266613732316530343538623136306264626434
38353633343034666532356437303635393366386534366531653633626538613837613432643836
38333336626431336535386361646466313131353365303034643334373039333863653232343763
37396633303161343161303637363137316365353736306461646437633466313063353139303438
39383731633932366233643835323363656633636534383362303738666365663263366338333764
33313866616363373765623265356637396532396461616636393039623665623134393037363331
35366465383463653336656161386334303065303463623630343231363965643131366334656663
63616338303933663936333862363434643935663238643231356564626636383339643062613735
32393363626562313737653566373934303164613333333164626664313334323030333932656530
35343130346163323864623663386464613336336230363438393938333666383561396238343364
30323464373562653733333735626661306130653333386532636430663465396238393663316538
35393862353765613661616464353836323739383536323433386663346361626136623130626564
64323663653134633062363062306666613035626363323861373765393136336337646561626238
66356337346236633336336164303537396330333336613263386263373034353564396166663532
38356264383734326263363866356238373930353166326166373730376337623665393439626635
34666632343334346636323366623133343731666235396136613031623034306335376663323138
62316566653430313431343235663163373037316166383731373331623761356338393962363863
66356562333761356533663865633932316136373831343066626234623965313338303339396433
39643334346236303233346263333135346539663030376232373737663838633963346232393034
30316566303536613862313231663538356533313435616661623933646436353436616233323934
66323038653865396634326166343465373433653966396332393561383537313964376331313364
65613961343961383733623431396335643938643334323434643663636264326638396131316665
35323362653963306666393838363538633339366639626163613033633030396234393963643062
32323130643036366665333937633132343163636137303461383237393636393537393830363133
31613032373032383930343439613639336130363535663861666333366537343034333865333066
65356461346339326632303965336664356664666466636564636134656664313961373632626463
61323663323530376432356230383531616536383633316134633538343364373932313562316337
30303630373664636630346362313633646435643864363330333334316131383131386339626233
63336138633165306164393539306461666663373539383961613031656566666338333939623261
30383233396638666139656564626235346336663931613235323764646334383163343738363631
32613230376139353037613963626430653466333061343638646162313532373266343735626137
62303166316165396265663335343835373537306238653330346233646232306566366636306361
38356336666164633631316334363266323831623564356438643834366631313233393737376661
31616238346435623335633465653261363033633265656430663733323435373566636636393262
32356439363335323237663137313064653332613362333033353036306363323832393932353732
64323763356332383036626631326462613563386662616364396432326562343439643935386662
66623565393633623135393464646131366532353834616665373164313461623433353062363766
66346165663031373766323262383132653637636162333563393230643638643330663130623963
31343061363431623761613639616537376430363630353631366361663961623832353762616464
36366138626266646132663236636137633362386263343839633234663630623361656439336165
32656465616632366165303462353832336238303930316636616363653462316462333862643137
31643063656632303032353733623539346536623337666236313332323136646235393066636165
35613963643732656130373563343832653433396137343863396636323538623333636662626338
34306464306636646263313237386635376434616638633635643666303661393061653265643666
63356163653032306334333739356131346634616362373034363462353533396565626336643935
63333930393066343463613234363734343431346162633036386438653761326365633733326332
34616435363362613039656464663136383765616438623439323930643032313730323932636265
62653866363764626363323832636530386532656163613062343138343934333265336234623562
35663638633631613238626238636532643562363539623063363464663261653531303531636138
33666164313633613435663936613930666638613461396330623830613235623162623030376334
35626536646164393436373161636463626337613732373536376130363764633734303938383466
37323637623866316539353863336330386232376234316563666435383730366363313335303531
36653630323566353030623265383531643831373161306366313536386630343734353536333961
66616537306165363462616163393532643230613664626136373564373536633036663333393362
39376163643638326562373334363862666461346233356364303339336466656463343039323063
31383562333538373137333464363636613032346236323034663636643562386134663738636437
64323434643832353964306136393564303134333632343463383735393433333265636366643161
65633236326466343033663531346162326166336436306564356232376262366465636163393434
61363665626563373938303232346630613536343663383035383662366439356261396131303963
66616431633638633239386237323033353864306564326635333635623966363332306638336261
66373836393861353030336362306161306134306562636364623433653435303265666165336161
36343562396366643261396162326437613164373935363838616233343139663062353036363266
62336665333839646263336631333262656633306336633735623535306338633234393437363166
63636163326362666432636162333739373539363633396235633837653665646236313564663939
61363434616135633732646238393133343064336534383663376336393837613365336533356137
61393730383861366334373363353262306236313539303566616563363764636362663338373965
64633162393638323935383936373461326365303939313735343861343033636130666665613437
36613537336238636462316234323135323130666461386233326562366430396634333934383334
39333334636166656666663835333832663635353463336332336265396562623262613538393039
32626663626333386363386462613765303934373733326661616232326335393362633737363230
36626434336661316565386363613461393662346439333464396536313863373533633264313861
32343261363064623063393233666565366465353238323263396261663936386238316665616662
33616239333463346631316530353130346135353336643330303464396138626638643666383939
62646239366331376539333434363838663330373864333130653836646430353265316462363831
63653666376431366431633862343864306431663462363261376564323662633435356335333131
36306533623464396338323030313437663839333830623333353434303939666237316535393464
39663032333836326337376331303662306139666339643466643137356432333331376537366635
31376236663864666166613564616538393364376532323563386364353964313236353737363930
30333835623664353130643561333561636562663336643463343732376536663064383364373839
64393232383866636361343334303565393134316134373038346432353534613862383361373835
63313330326137626536356261393330663566613632653035386238656462653338623835646264
39336162323939656462613065303966616536326362333438323633623932366138353663303963
65363365613462333633363066626266326438636330373532616633333162356366656331643437
35353561623262663934323164666463333532666637326563336235313731383965363662333937
37636161633462346237383235323835646638353139393766353430366531663265333938343030
34376138373331376166323639306436336237663663653330616362643539323665363438633461
63616239363930633937623732333033623765333630353565306137383661626433343561313963
30353134326266656635326438323430396233326431663463376136653734386564343261373733
32623964356566663261643166343235383264636331366462653163363436396332306437316639
30333032363362653338663363373434353366343661353965636535326334626463666562303933
65353339626630373064613538306162333330316564323764613535393462346633386330386532
64346338626564396332373537396561363635353531623734633134373361353032366531313637
62306139323435623233663930613365633135663632656165663438666536383937666163313965
34323831323761346534333664653564623337306435353635636162396665666635346632333639
37333230343230616536336633623534346266666535613838333763656430316432363037343437
30623638613136306361353562353964653434383866663532633962393435646665366636306433
38383736626465306238396361383738643366633963663437646566646638343065613330616232
39626263373336376365653631323039323863353739376238663934336365393030613566353034
31663234663735336638643634363931343566303339366330663734353561386439333130613132
38643961333431646164346433363136393632633838396566656536386466313533373864636461
36646432633430663766663162663663666231363639386637313435666662303735626163313739
38333230343032346561666262613831623966613038353136636238383466316634326262663061
31616165363430363637303862656332663230646266363132396665613630336634316631313966
38343538343335313439306436326163303739356339323334626236633731306235623333336236
65356538323566363461363938356466356633333538333932316438353637623465653433636131
37633232616261646131633434613732303736383063396436346464616466636264636330383763
64346330633265643936376436363337353866616137313830663865396232353232363732373263
34636338336235663633336337396665626434326235613135623263373939653031663639653266
65333564373835643462323134326266613636353333663337333738663066343738633032623263
61636231373766623765626436376232343266643661363631316161313434646337323138643432
65316534356663303536333834353137666537373536366133336532306432373139653062383137
63346539656633623533333365313763653936326663323933303636653537393436396637646631
34303266363065363330323336666538636238373530633130306634633633326335306433303330
64366362393136376539643239363035666563626535643237303661326239656335383936333666
30353138316238626161353666373334373666366464613461333934663361343037323839396535
38646330653635613836353263336662346638653633636666383631346237313463633361393733
61663766353964376635393966336630623664643964343030623732393565303432623662373064
33333536336539386534313563373030336436616337333636393634326331653438393837323235
32303165343332373763646439386632623064633266613833306332363932353432383265646231
64613061343835636434623437396336663064393637343230316565303632373538373233356330
66303437383062386564313836373633656331643463633862393530356563316534643733313239
66636165343033386163616463646430396162643632383165616463366537376433313033663632
64663662666637366631313237303238343337653535353361333664396663366163336130353937
31396435643031303562353465646530383634303165303865336130353139613666643361623930
61363966626337346433643765363037643437326535663234613465303566366239616164373334
32616564653239363064306334633435666131303363333565313265636135623766373933613362
62323533633332343134666432313236616363363738653839313832306633643237386136313166
65333133366663326163316236393539323436366166643861336637656632363334373637616132
36306137306636376165393537643366323038373533303064383931623163333636316131656132
62626433363563633264383265653533326430316263393630313462633561666138353735343334
37336537376636653332343030663065643066393135333339323562326332363231313061663132
34643836366561306230353331616634373563363835653434336431356430313066666166316366
39396232346335396634663831346565626565656239366335303761323064616634326138323861
65643536646236613064663166323661353331646464613263363137343739356661396137653933
34303131643930366530306130333139386438636237623831653461346237663734613036366534
31353237643137636165316163373561623561643334646238363265626335663230633131613864
64323937646665323031666338623338323963633837346535353839393265343639396535643161
32383033663663386338363561636430316566663461666362643532313366383533346632633339
64356563623733626537356638306363376265653234373737663431363864636338383761326264
32376466316437303537353766646436393631383362373065396664303937366139616463333430
61376130376365623832666363393330373831373236386438666632353537656538646466346332
66646432346564626263346334623931353039663132383966343365363066383865326636396461
66633564373764626139643562363631363830346437643435653332633066323063613165643634
38323835303034333232323836633539366161653061356236336234306662303237313061626631
35356339353337383939313136363764373132336532303030326339636239393939353863653566
63353134343432323538633534316362623638636335663939333837636538366466613333323562
38366239643531323762316164383063363938363834373033363236626239646130356437663866
62633937653538623461646636656530333566376531656435646536623331313862626166623663
30346634326265343766353234653664396166623233333031333737303430393437353730623735
30353035333031373037346466663737346436623362363538346661633032623232363064623865
65633164343531363839356634363762386366376338336236666561386363363737653537363034
62373935643432386631336534396236393863316332623964653764623564303863396666353737
36356265356634623230303137343933366339336632303931306232646331346335346232656664
33373731323530623863313162613730393734386238653836343034613663613638373535383963
62376134646138646236383930386637303232336264313337353532303139303136313237393437
37346336366633656537623731333166666265393238636532326336376632623038616363376638
66303664386539623663373435623634393032343164326563613336346235653430626561323038
33643730383636623233616636356637366664626666376165316532326437356137666161626637
62623334326465303239396132663037656566613663616430373830323262356639393039333430
32363066373364633961386435316165323265613864663531626435363066366630636565663633
61396333633231616237313964643730376432343031303733636361333937306237386536616635
36336637616432396566303735376333646165626331336537346565393861346532336465306539
33353865613635643932656431623531396138383964653565626136333863663137303462616637
33366538303063656331626133376261393138376131616432363136343335653632386563326634
66323764333234316132303432313437616439386463373839363834303166353937376437386537
33663130666666656238323163383762306236626663316562666237316534623566303631663061
31633666613630393434383839653437383562333231316465613165316266343033666631663834
63633662616635393866613961346366393863353763376162363464363536656636323933646235
65666437306562613439336339303364626462376135363831363762643236396131666233303861
33326166343637356363626136346465306539353261333633343139303131623831306431386235
66623931353438346163653737663566356139306635653037303130623061393461313363613738
62323635373564323530656563643462383262323531613336626139333734643263656638306633
36356635326239333739613362343033333739356665326164613861303231636366323130363337
30373430383665306433656134323463656337303332393732613761323633306437633133626438
64636139306565383863326332316339653438386633316238386564633863313761333636653765
62326637626334623764393132663636643231646363323164363236633066336664616639393961
36636535393639636565366564333531656133386334356366376230656131623735333435336237
66313631633361303064326465393438663633376533346432343433306538343633666236313663
63396237326235643261316662613033373735303536323232623534623430356635656532623331
38386265343666326530393632346136613165343066343238353035343465616138346139393333
31356662656439353033393734306531613932323363346339373339323137663837613231326561
65396239656361333336356138343361346661316437343139623331313433383136373862393565
36643563376333343136353530666139396166363033643138653633323536326461333230646132
63356261623830646238336464386431656162313663653265616538633164653838633336353437
32333930643839326439306339616333653636386231386566663435623637663831383364333266
33366631326464303030636436623862613731633863666433633337626164663261333230303239
35326463313564653930303461666237636461386466356334633362353530356163363537656532
61363938303961333539666364643431373366666265393633353037336436633862343331326138
36303136653537353262633335343934663932313335356461316137336137663964663535343937
63663336356431626235616632363562663833626536666230373563323131313366613961316564
37366539326233363330313036346439613838666538636639373538356332323866636163306335
63383230653262303632366266306463393363623237346562333366356463383761353836626435
62363930326231663638346639626235383762343163393239366561643039323131396637303833
66303438343237363964343933663230313037643061643436333763363765323464613263646362
31363237356238613133396539356264353361326432346431303831393233333632313432633035
35396563613033303739366638393266656635326435383939393739656637636561336161326464
30626336316432326336383366646562653737353062336530396466323831333639336261333433
34653934343631316131616135363535623533396130343763633961393730353939373633393133
30386663326261323935366130656231616234653063353836663336346164306163303235303239
62306130623134383263323637336363363538323362323339636463373762656662373331316266
30646534653234313934663931373062313535643937623930376338656436653665303737656135
66623264343536646339636432623337366664643266376462633962396537313831653266303232
33313330363165333161383361343839366530613962363363373066326535383863363832356133
38333264306565623564623632623838623065343832333635376465653632636636666665326238
31353137306533613362303266336364393439623935396539616530326333633333373964653863
39653330393838643735386437636564646232333261313934616532373833613834396636613836
63636431656234616434663733636366663530623434613536386466326638313161336336303532
35353466386239336532633364313434313664313830633932316438326462313930326133613162
33626531343863333439363038386331656634363961303936356433663763613231303939333935
30353133343039653538323563363836616237623562666134616664623866363062343763663365
37653231396336626530303239636166666537373461333932663737303638333362303630653338
30336339303262343865363833626364653662636664623931323632633537363837326630363866
36393739663834616431616331363362333066316261383834343063623432356437626434656334
37313737343830613766633432663637663561326332353565663338383738343962386662303462
62343763303537313763303961336663376630633363336335316635363738353332326239616630
64613563616165393836333365353737613735653666326431353036376237393732323439656463
30623836653930313534356437323038356334643436366333643963643466303530373931353834
37633134316133333764613932386463306164396138636534616164653330373765356562316131
38343033373861353136343866303236633733666239323963333439333134303334663232346133
33656131323936323265393437343035636135376638616463663865373037333638363538343336
36306133633166626231386232646232343464653235633733336134316333616636323164653862
32353665623931613835346434653066633535316430363936616331386231313632666131623432
35633634393561323965336331393963626536303261363133333034666362643034386664663461
32303739363934653939653731633130653933343539663537383130306430326666396166393933
61363362626636313438663365353437353030346531306432323632656138343261626532366265
34396130626330616464333837613430653630616237623136623933636638303066666435636537
37366663336337316163376263613262643535396461386332333564663162356532636261313336
39316434373831376633306634373365653939366630646161393761303931343334613334336466
36386432333137353934653932373739363037666535626238306531303135626164643435623663
39343635343062613435623463653462666630363665376363333835613966613361393337326131
39343461396366316363383232306233613934323266383461303465363765383666303538343732
32653361323637376639303232636537366434303163626462313233393239613331643637666666
38393237353639646234636139343236346439373338636630313339393066656434346336613561
61636165333531613364643262326362343831393562343037663133613066306336356262346463
36353138366139343964386362643031346433623233656233346636363633373530633734373262
34393462666564613337306264386636636139663061306465623066383561376333343036366333
33646139346439653639333961623033656566343961373237303539363339313962643137373762
62333637323038373936316231656230393566663232393964623863303938656462663963613937
38366564373434333963643765393435636633326663366365373637646466306537306534656232
33623435666337306432663762326262313430386161373835363861616263646662383762303437
66663962313063393930626135356363303737336439353264616461626630613961376262663764
31313462666631613037633831396665363365633865356435646532613138366231336439643037
31633631616661323465623164653736316334363561656235343164393138613262333330656535
31313038313738356138313433396532323461313633333663376666646435333939653764323634
35393363303835626436373934376266636434306235343930383235653835643535643733336262
34353736363866613132373766626263653366323933643064393438306566653237396363303231
31353832323962343032633235323531646565396135323337663130623066363339643937316261
63626632396361336263353963313534313331646431623537363731363862623362386666313666
34323839613238383239646561333038636262643433373631613261633864363831306665633933
34363664353739323865626366643066316230353636323565643633343136623831343137613633
61393664626364316263373366656235626638396664303431323839633733393532313162656166
61623965643937373132666336366465383264383361623363613231326435303931643435316135
39313234376561656531623134623431343266326565353565626538376239633531616532646533
32313135653233643830313032316235323362623466653431326562623538373565616634383865
63656230363537393235313131363833333537306232653661323232613661333561383138643364
63313065343962333664643336323030396139363130616434626462643533646136303030663564
63306431666134663064616266353837663634356335636264613830376363353531663362303139
33333931373135333335663633623030643038623536383766636238343535646166323832323931
65626633316439323862353533616362613633313166666133376335386235316433383062643835
61363738313336663365323335303962633936613434636235383636613662386130653335666639
63316536376234336432336138363764326662623266373036626138373463373833393164623062
30633934636464636663316464636430323262386661343830623763303065346235633338353830
62363331663463393139393733656465363438353861333563613630376535643135613434613536
39326439396533373831366666356263666433376632373037343730393162373635323635383561
36313030366638356637333564666434333237613734313164653538336461616233383732366438
66623734373564626433333766666363333138653039653463643162313535313532383363313361
64363634303961333735626434356663613937356335333261643464633431646638343534663434
64386162373538663130386230636432643735396431356638316161383235366339303161643064
34643430376666346537393631396466393165653066306230643131626364323566643930646661
61623935363536363030353837303334363130613735656333373739386437653636366564636435
31613037616637636231396236613463623630326237366331326432626434353565386661613665
65316231663365333966346162353036393039303633396231636364643839373664666664356665
35393265643735303834656532326661303731626339643566323330643133616365313463646430
30386134646539636163663263616265663162306337333936633638393933626533653566326634
32356339643235643039363334313934353161326262303366646330303239376334326364373331
36666333653565336562323637663534396635356564373039366164633130373862326261396433
31373165313131623562326235666133623630373132326435323635623563306435626235326237
36366561343535626138386335353833343938643463343430663737373634313464636665633362
62616564303762396338626437366337663734653532663161383537323539313661653166383235
38346531636562646266646361636465346236336439656662613161363961393766343132393730
38333032666262316635333938323563633537396534633639356232326438383232636139653238
63633630343733353735333563346566323539613431376461626337323861613932663561303766
63393866396236616334303862633661633462623065316464373630663733323233616631303263
39353137363636373063353135613462343638323532633836643039626430373366373564666330
31376239633537626333633435326265663866366234646131626136313537653234613163353164
63326630353435333634306438323633386436653535313837646337383665393665656236376137
63613131346336613030353566333062633936356233646166366439643338343864643536643132
37386133626235646437333137646262633664376262643032343337633638386463663739653232
31633035396665373638393664353961393963323933356139323034666362343433313231343938
64343262366566303839623261343366383165306632333034313266653232383535316665616265
35616664666231663933373332343932373566623939306132633061373337373739393637666238
38656237373035653739333331333766626536363163393063646134623735633364383532333434
36386230373964353138303238323533653135333963353264303230386530633233616632363534
30393261643664633033386663663537613063306537376434616563626231353335396463666264
63336639326461346561383365366333646564393137356337616363396466356431306666646439
64353263373634323766633839653839666463353961616435373533323262363634646537663331
37393936306530323262383536653637383338323836396462653630656161366532313431363562
32356164336137313563303334323231376532643133613738633135613336373962626631613464
36666137376632343435643463383665333138313039663131346161663864383066313934396238
61396461343764373230366663643134383633396661316165326439343437663336376539393763
39666531666263363834336135393936303835643561393131393166313730623531636566316432
33313566353034363536303861323431626564356433373936396363666533353933376231313630
65626534623833323063373438346465343161616433363935613762636336313539303361363631
36623536333338633236353938336366383730326464643138376361346535663937663862393636
36653639343863333138313866643562343734346237373039313539613333623662303132393234
64333334623063323530623661343435336238633637303162326362306233306232653037376666
63343733303135636634383462396131393231663135613438376333396562346463353161313130
30326630646665643935316466663063663236336538373635393539656338326565323361636332
64613163363361666563643637306333343132396439353862623965636265663337396565336561
36666633396335646266613262393834343039633536613835393837336633323065333336333133
30366134376130303263303534313535643231643038623366623532393334373232393761313366
61333639613739323633393961353233326464653662666630363863363562666562616632636633
31386438373933616339623636343065613065336432366137663838653737396163303066363265
62393036363435393830663935323531386564366530633733346237613034323762383662393431
65623535376238623435613732366566613838313335313932393763393738326164353833313331
62646166313932633732373037376538633232306536666638633532616262313430353438376565
32333939633165613962643461633235306661316564366264363634653134383732663030643862
34303732313462643662666430643736636664656233376236636534353562336563396262616664
65373965356235323630343033613738666431313364313764396335326334396338636537363038
66663430303862633265326636646663636531323833383264396133656533613835623230346431
62306133666161613133313934363230376333636233386464306364353862616636383932396231
65316266663164356465663036653031346633306362343130336661313464353934656634613930
36623831363763376632643830333033636330303839393364353365333634306438613564613231
35656337663863643937343063373166313637616664383730646638663139633133623437383966
35336131383730633365336439313032333762393263613936626131366262383032383835386166
38613962333864663432346238373266326265316532336362346632663939396162646336643533
35646232643337346163363765646661366133666534663930653736336333666363313566643964
62626563336431373365623764643232613734613930383333626262313936393035646633663561
63623636613031626634326566653965363965656363366262636365306564633762326164386264
65363331383238313132383336656339393835373538306636373464663233653663633937343834
39386136306538613235383365653038383033373664666530393137333035626636663133353636
63326438666533376436613431353537383562643865646664393337656562346236653261313764
66646233333265376439663430363134666635393932333138653462383539336466363735626461
63316564393933343734663162303038313037343331633133313866393334373931326232616431
38333734303232346163386131323339633166383638373164636434363537306534353230303662
64653561323635623030613038633561386562343437373934343638663939623636636161626461
33383239313063626333653563656330343232326331663765363434316532613230366335383632
36353463313165343936303335393738633565393335333439313336356662366435373363633061
36303735653437333839303632313362373338336463373631666435643634623866313864396337
37653765383765666663356236616630633732393232346138666362396639303165316663633662
62653466353130643862333231623630626530326161626133363233653538353432306633613434
38626535396235313831623761353730303662353531366338313766656534653061663961613939
37623737313830393332646138323138313439636362613738363766613937343066393636313763
66316331393136623064636634326664613966313636376162613238643739336164663433323033
32386532313632356538633933303832313961613035656662333664633938376266633535343637
30663066646530656638316663363434326164323663373461643438663138333636623131633732
34306433363161656637656233306665343463323934393036303035663163303134383661386332
30396263346138393665373663336166333466636130303564643239663761303565326239643134
63333464386631376132353335306132363133666632353466333566396530343563623530366531
31643037636431616464363362393862663865363264346532353430643765666138303730633836
38613238653932333033316533343833326562646335383966653264663061393231386163656533
64363334653461323934393265643739646530356238666337623064363232373136643966366236
36653364363139636263336639336164303838633037363766623330633130636661643831396437
63616330333964383265306566386433336662343734393138613337333138633566323731386165
35353461363432353839303961353639373764656161393732303066626563363736623736313835
38393031363832386432373838353963383836353534653464346233366534306534333166633964
64323234663135313432343533663962343966313466366164336262346565643337353537626436
33626437326235386334373530346266393239323736396461336163326632626561346530363962
64386436616331383038316131343362656364613235663834653664373830636463636364323334
66643738636136366462303232366562363230393934353630326334623139663164646365326465
61366264306435376430343564396630663837373430336161323534383736643932613734643131
33396435383330653137626130383838333836626230353966653330636639643462316539373631
32653139653332643536343538636439336165626166316135656263363262306336653439353332
64653235303931373162626361356438666663393164656263393366663563616463306164336338
37653136306330663031373932373665326631396235616366306633346362393138303632633763
65633464643138313861393030363633356161393362366261333333636365383862303538333930
63363036303631393038616163313264666666373635323865376631373963393263666235636339
32643337623535306663326535646232616231643962366435656263373061626436646333613830
30373262393865303761666530633465663462616631623766353966656138333934313261623466
34306530376337633662646661613862316435336132373038306135313265636130653564616561
39613163393737373932376133333261386634363934366164326530633332656333363031336462
31623833643362666562646665313364633338636566663366613631313132626434333134393730
33383461363933383430663832343232303534396534656632356331383334386465633932353164
38633133656336383732306232636464653661616135343765323535383864613663326232306634
65643938656434663061353063333330636561393862666363636362643831626664316338653239
30303932383161346161383039353165653466353863653562356431636561333531303532633964
31366130386235663235613065646561336432633865666337636663653533383234336333373866
65653965656537343661303730623861613437623934323066653937643366396562613738666134
64366336383039633436663764326565343034613633306234343837363665636138623336313562
65353466626263326431323265343433383065373861303137336430303932326439626164646131
35313264383563376465383262616662353662373036366137386661396665353137376566623339
31346262336538666666386533656130376336396538373764373765323131653131643232633463
32313662343462326637323036633561316661386262643837613039346237613331316137363632
63633366333064633333393636336264346164656266623638656361363934373337373965613430
65326436323566343139363936623337636665653962656265663366353639653633306334386635
37326331626263326431626139636639373336383366343561616563633439346561646363633761
30376539396432616430663832323163356635316261333432616230356633333133363838333565
62376330343261336636393666653664336665326237646363366238343937613437343366323537
39353762353666386632633465653466396232356438373737646565653064646262623539316163
65346562353034346361643363653664646433616438353537316130343639373464623539656636
31373533356432323766326538633236373466313337346337613936363838323434613066396230
66646665363331396266666536643637633865666131643165353034306431306239376465373733
66636663303764343262303966373934386638376664623530383439633266316237643264313565
30623134643233366263633465376366666263636266376531303437636530616137323031363666
38346439373463353131663865353365633765623366316161356666376239656466383436383035
37636539393239626437636461336564356562633162356435633930323263393633633033383961
66663832396164623731363564306135383732616230373536306666343039653138363037323261
63663537656637323034623163663161316461326335313963616631306636633730326562626166
33393735303838363537343563616133373063336233663033626233356139616135376163613932
64363764613034373532326637613238336566656637623134353037623261616334323662303365
31353138613530376538343665376438313265343532633136323264363962333333316139633639
36643765363763343735366664663238623666656461373632383533626264373232393266313234
33383263363364383761663264656264396536376631303665383934346632393464623037366630
30373339396666643430623439336630306237343630306536356631663262633038353762343863
31623139343233326338363463323738656665613239643633333138373335656461653965386164
36623561663232303362346639386163336661666338363461313136393738353063336231383464
62306639613062623061626135353137623436396439636366633665363763623130346166633932
65376539356665653764633562383965376366653133323333316466323230353933653862636131
61623638623765646138376532396563353834313266323666383365366336623037363338333663
63616362326334386362366230376536333465386634343732623831633033376462616666623363
31643438346165336666396532383930366237366631643033363934366439346638373333366265
62393934653938666533303364666464316264366361346131323931666465633663383937653762
61643661363431323133343535376563663733653662356462343963653062383565343533366139
32636333383631326464646566643563306334336231663939383065613063303232616164396262
39616632386663376665346137626462353638633263306334343634646563326538313830303830
65323638653261333236333961636533646362653638613362376466303664376333623838316162
32356365666130633634333262316330373366343066316533383839373838653434306636376138
36633861666561363434366636333034323061616364663031353031646336663561363763393964
66653831626265613034666530393232623538373634373433313432333837316461363839616530
35363734333830623336383336346532333330303662376661356231663235663161333036386432
66313532613561656165333365633733363032383934633661373830363636323435326633393837
63616335663466663130356535636364353761626239373266646639396366333061386361613565
30663262353663643338383364626564383931623236376233643034303464613964393163353338
66306537636166356534383064323162303633623863393837303537313236346139386630336465
36653639343630306533643761666436646532353437663338333338616636643266303037613564
38333765656664336433366630353134313431306335323965623865303138353663316531623230
36643737383263306635366334613837393231656462343563393965653963613537346333613264
36663232313436356332383437393135656264623238333535636362626236356635623537666438
32383466636237313062333231636163633362396332313437313834346330643364393162373161
34383266313136643562313932353764326639316432336534656563313163323537366536636332
64313633393063383735333064323039303838393631646366363536393735383730353165313336
30313838333462396464373638663066616136333963343530316233386363353663363336346536
32333731323031666431373130336630323932626666343138613536363236343839376235616633
36346138316636616334366366653732356536626666366563663365306132316237303735653833
62366131633533633565363365336231616461373233633234303430666664366438613730653362
61396430663763626661663361383764613538353138393931396665663162663662363238356238
64633039373661623334323866643130396265623931343433653730663037346565353637356565
66363836336166306166333830366339633937343463653563323366613066663034623764643337
31363562333363616335323132626162373639373462313362653562343331386462333435343966
36656435613736363531386663353364333161393332373238653261326339613635613630386335
61383364326438646431643535316261383462363661363062356265313765346164346666333132
34326337663832626236633739386636356562663536333433623034396663363530373230336433
37333166366564613438326662346431353036363738656662366262386166333762393031333536
63363964336639313065653139326534633031653830366238653364636135646430653936653762
32356238393164616433636632353264326130653862343666393764306634613332343039653961
32613537306665346636663135373432343737356432383166643261333063383232373735646665
36336236666463326133646534646533663236653137643437333735376236616538613563626138
63393366626637613235363861346166333562343938306362333036616265336561653437316633
36633463393830396439656535363866316261646537626130373532353639303566303038353439
35653561393562633561383332633965656237333930613533356563666631656565316364303264
66313364333364303633383566333535636663633238316338646235353537666462646132626538
32623739303566633366313662313437316637323231363866643132343139323236653264313963
62663739356231313238626533333330366162306131653833333365633831393730633662376262
39663234623931303565363632313162323866623237623333333665373233303864643034356636
36373330386261386162343364636130376265623965353630396632613265643537353166396633
63306339393035613536643139303731643963356438373635623836633334313362323831353234
65393130343134376137333139653431636132363161333234393261633437363737613435306638
66663361613337313330383830636361376561323139343863663366313135393961386133646561
30303862643834393533313638636663326166646161316634643862313235333133396663366337
62313231616233383263633535353633663164336331613565383538366665373933396335313135
63346262643131323232643834336230386436626431383534663463396163306537616266393735
62653962656639666538353139643234316262626663663039653236396561653338626436653437
30323431353166663735383865326132326535343266656261333935643631356133633436346634
35393431643637313265356230373734353666356333376234376638316631336638353464636536
64353730356162653265613431336364653835623637366664366636396432353966643538623436
64623530663764663062356135303134333262363032383339636239653262373765643338333035
61623235306332633336333635663032623762663530333231653831353839393339356165613336
61623063646336386662636139646230633363363664396235306534393537373663396661663836
63346439326664663833343165343033373839346436633133343238343433306237333465333233
39303531663534306230666463333061393063626165313663333635363465643461396263623233
35613461623936356239386665363135356330663165343031363334373834623637656533623435
33393566663736376666613433383136393234353939616265343666623538353732383836643737
63373165336531666465383166643133666137623739373264613334663338323366313539333166
35616366646565393237336363353035353439613632623233353433313065393466636162326532
61333233353530373930363866333465353562323039393634653133633239623964326465393834
31643635383034353739353539623031393137613634616336336666306465616463383339386661
64326132633039343963333963356364636564313539626432396132323362343632646534663237
32643138343362353538393862323330636466373133343130623336343361346361626263633765
33613738313635393238626464646466393539353365613664373936303835626535316261646465
30643936313964626462373465633661613232613531613333346635666638663735656133343731
32623838326633653862656434306534646166323363396365643331376139353835326136623762
65383963303562396363646133613639633234346663383461343061353031306238353938356231
33386464323432316165306538326530396333303234653565326461313235653165613234323437
64386264613639306366666438666232653832353336613263366661613263663831333533663934
66643762373739323932313039396464666461313930386666656632616364366534396331313536
39643562616532633362643461373963383734623639316436366331336365393431623662643564
34623333356439326161303063636633636634616334316336613334663739383531303039326135
33616362333566666333656533306664653264326566363134306437356131393562623537396330
35336166393331613463373135383738623465303935383634396231313636303135313138643430
64626661363033656264616530613039343035383635333839636531366230646431313162346462
32363564353265323038633739313766623766623430613266343039376132346434633938643765
30343838383465613934303839363164336163373561373935376430336661323132613132323964
31363761623739373866626434356261666561306237373364383864656238306533353865663839
37653564396564653633346165343734323964363865383537316634646166653964383262636563
66343462393235616239666430393735346262376435386138363330346235333865626264323238
61346133626264393536623236303131353735633730313732633662663431636534663436633833
36353830333630623161333361326238326132333961366639326336393133353163346432633532
38623831333931623939643062306633326463303635393564373664653534666564373162663331
64363137306236343066666335376162343731613636333438643761383834373837626232383633
30623838613132306463653365316231386665366166663736623161653635303831336464613864
31646562616337663561656461383361666661633735626335333337313138653261313035333863
32323039363739633031623931343130313339323263663364353133306366396633343066653332
63616466613233666339653965333362373531373062316435353734323235346136393039386139
34393131633031356265386638363332393137326161636561316530326637353966396430613264
30313365626135633965323339313939303065656638316366393665636135343931643436316665
32316236326365333833623561653635306566346537393066646632323062383166623933653537
64353162386637333066623333383663333534653235393162306636623965343836373065303537
30313262363136376434333138316264636263643437373537663661336134623261383762333165
66343635646439663333626237343866626165386664326165343733353464333461366433396638
38373564303364353133396439613965313764626635333962383264633534313039353066343331
63353763393737393463626436636663656366613437666665363336313432303435343036373639
33663862653063323061643939303735653762306566643236313763366635313063643336653130
30666263326338356632623262323963656665366532383836323235376539636435636338626561
65323335363836383864616265623465316631633233323766663439633766306631363862633637
66343862356166396334623233383931636236613561353961656162383165333832333964303164
66333963636138333430366330626433643030643638636634393735616435316132636361616635
39616636363335303862393833643638653764313164303866656431393964336439336430323461
65636364393862383137376230396363666234633337336334393962303162313534653965396362
62666235313037643766323762333431333831363233353265643033303264343832343630663666
30646534656430313866343334643239633164386535616662393165383861356331643065333661
61306132336561363537343564393061323331633338343833653335633236623138623035343138
35383166663362643839323163653034326439343430623062376434306138663833333338353733
61636461613437663038336539613033343537646134613061656537336366666162613931343130
61666635656231386330396639653434633931643735636436336232626634623635353432616130
66373133303434666561373461343838336437613266656235636535376265653537653333386237
66386634656638383539646461613533363733343765656564646539616265343332376239623832
31386265326438616234323664653935653265363437346163333431383833313665373936376564
36663361313838306636396237393438643838343830666164356364323732386530663662663330
37363566613634316266326361653861343035366231353463353663346132366261386561636563
37373264633737376631356431313236383033336363616337333363653561306137346330383665
64646335633939373965363934313334623566613438653838316161323838376461363564646338
33393037653338386338343065376132396439383263646537613736663734636632303436646234
61373234656239353266643865396338643335333135303834323762383230323033623533663530
63656434346336323033356538343462613864643131373362656134336261343330306561656335
64363837333831383630356461613165616666646636323435623932633438373839346361323038
66363737666537303234613236343034646633376330383231313131313834326235626430306262
65333634613637373534336235333131623338623562656133306666633065353039636262346264
32303662303733623661373535343563316562653333323031623337656662333738353363663966
36333462626236666362393561663037373035643330653130366166376133386233386431373031
66363763633532653638663233353038616535653531643431303363326636336166303863383436
37626630383966373666336139656338666561623163303132633833646662633331323937346630
61633163366566656334316637396234326334393665383139333064376338363662623939313236
31326165616631383563373337333739336165626461383536643536326437626536373564663735
65376536356533386131343066616564323534343762653663333338646135376465633536346164
31356164333238616430393335373264613464303563356565373761393066386630666437626432
65646164623034313632306163626534626666653462363366313532346665336362386166396232
36393136663032613833613833633364373661653461623631623063306432623836646536616331
36623831316236636562333233306465373935336361353232386262363166653035323262313731
37383038646466393964343537393261316136393664666239616139313635306334373737353831
39373963326530366662326632313931643666623938326139326637343036336461613430646665
38663434666633633237396332333536376535336362323832363131343235633833616138353132
31373764343365323136656261303262373765393934623731306163666165636233303962363633
35653631316336316331306639343138636633646637346262306130613734653866353831353761
31336536626136303363353531303132393734626662643166336565326662636435643933633333
31613564666663353036313833613935623836303762643363646332313262356537333663666536
33633866373534643239313965346336613463396530376661656661643530386133653766623436
61373165343162363231303363656364396666343038643264643764616335363936633965666263
63663430326266653865646331383736623630383134313030363661323132366631393332353766
33383262323165613366363737316532633463373963633862356236303133383936316466346139
66626166373664346663646565373634653764663464306438313737653039343235366361633836
31376534633866346433333834323636633630613963613534323563623438383334333132313538
64393238616639393236353937373134366238666365376334333966633963613431353861393135
62306438656330636663636462386565666634383163363765616263336163666532626333626236
30353063663031383239373561336263343035623566613535326232666465376131663237666430
30623864316135663464376333613364306337656165313731613836356535323930393131353464
38376466636237393831373339643062333935626461343732373765323539636366303739383036
37626333653562653638656338656639383532643462323738626336663432646166383037303065
63323366313661373435363564303734636537323962656230386535666234633536386134373433
31306138396635383238376138306336336436663464323233626332373235396237396630613064
31616162613632633262376430376336376366363931613665363931643637353933663932336662
39663264356262656363666231656132613737316233646662343466626439383231643331323833
35323231623333626461666531306266653131616136333134376435303030616461643137383463
62326465643131323664613566646361643665613064663362663163626138376164313134363361
65353866356235303364323234353335326666386565313933653661643336646439313963383538
63383531623338376136353634613038386531626233613637646539323362306334653737653961
30343135663161393836346533316633393432336438333331656534643762366266346230346566
62373966373135313133306134396262616334663934363937306533313735386563373436656136
63626466356133313536623730636531663861386364396564653039303036326130343161643062
31373538343861343338326636386264383632343239306431353364643463346330636165663033
32346431313963333039383036386635353066636536383965636465386538643935326366613766
32633466363339666661663632353362653734383064313261306362333432623634616261333863
31343562656139633533626166366666393165363538613839363034636235666333663830666266
35646430646463636633623434666264383934333862366638396639306231396532636236336465
36656163626239393363656465306364303963353337653339623636613539643364613164376566
35363534376164643336633136383465306234393034313739386230376465393465383464396264
64643734393333636231313937376534653631313162653134323438643961353238393439626534
66343035316531636237633830306430343965636134396636663134363137643036356232373366
3464
