$ANSIBLE_VAULT;1.1;AES256
38373631636263663364333566323935323063643732316630663037396333643031633832613031
3737386661663339333833653066633966336538393634630a373566356361313362326330366561
33643165333563346163343164633834376534633264353933326232383464333339353738373530
3364623430616138380a656161346433393333393938316362343762666436663136343831326662
38643265363366636361643334656536313632333464306531393135626664316135386533393235
39643037633163366438653136373037306130636662376539663637313039313531383137666130
66313264306536336332386361646533373132363366323737383764323266323666303061393066
61376438663964623163356139356335303331613234616337616635636364306365323562626437
63616335383434363266343938383865616132393033623366653336353764303635363364643333
62323332386230383861343239666232613266363033316234316438663533636263656661623437
30656535376466643536656234663463313663656661336632333239636561313862626531363432
66626438663330376663376265343630346661366135376538636166623961663933356331323732
66303932633132643831623066303639393535383038333366653761333139653565393732633163
36333532366263613530643838336239653437313337616435353831643334376538373233656565
62313065346434356434306164623534626464343666316534383061646664393332306166316665
37633737356665666139396132363561633139643338386265323464313939346166363839363330
31646437623131633639363765613563666630363238303939656432393961326366346130323139
63383462653736616164306137396239663830633932613134346233626363303061366265313865
61336461336139353633383536343030656336356234656661636161663262663634373230366636
37376361633437373336653630333937346235363932636365386430643937613935316236366363
33343231643362336131303933323664646434386462376563646134636662616232366231626561
33633234643535396332623931346362336663393763666464336530653639336639373732383865
34323435353038383862663333663234663362383861373139643462313435653437303465363361
38633435326336313061656361336364393239353537373561313135333434643364343166303065
39383766623738636230663135383734373131313965636439353364363437313534386332336362
65373062313733376663323165333637303535653635653362383437643933626331613030356231
34393936653539396530333038386539613632646530303638376339623934663234626335366664
64623833366132663931306138663162633335343063323962653966666363323430313930373439
65373862323630353261356430353762373864356561373461613361366531393933653138313034
37343037353537653935393463343166366635333764376431663830393035633831616432616534
37353130336637396564613135303434393363666639303664323338313231363635623234323262
37666435363139303239623062663636633865363163643737393833363664373261613839663164
33313661623661383833363030626438316135356434333335333731373735646463643839343166
65623262353538623563313862633432333164336335393430623264613265303864613235653061
34353766653231323735663565393830333661633936386537393334383464623630326432316138
61383733646338663137
